+--------+-------+-------+-------+
|  Time  |   X   |   Y   | Event |
+--------+-------+-------+-------+
| 0.000  |  0.00 |  0.00 |  init |
| 0.000  |  0.00 |  0.00 |  gps  |
| 0.852  |  0.00 |  0.00 | laser |
| 0.998  |  0.00 |  0.00 |  odo  |
| 1.001  |  0.00 | -0.00 |  gps  |
| 1.023  |  0.00 | -0.00 |  odo  |
| 1.048  |  0.00 | -0.00 |  odo  |
| 1.066  | -0.00 | -0.00 | laser |
| 1.073  | -0.00 | -0.00 |  odo  |
| 1.098  | -0.00 | -0.00 |  odo  |
| 1.123  | -0.00 | -0.00 |  odo  |
| 1.148  | -0.00 | -0.00 |  odo  |
| 1.173  | -0.00 | -0.00 |  odo  |
| 1.198  | -0.00 | -0.00 |  odo  |
| 1.201  | -0.01 |  0.00 |  gps  |
| 1.223  | -0.01 |  0.00 |  odo  |
| 1.248  | -0.01 |  0.00 |  odo  |
| 1.273  | -0.01 |  0.00 |  odo  |
| 1.279  | -0.01 |  0.01 | laser |
| 1.298  | -0.01 |  0.01 |  odo  |
| 1.323  | -0.01 |  0.01 |  odo  |
| 1.348  | -0.01 |  0.01 |  odo  |
| 1.373  | -0.01 |  0.01 |  odo  |
| 1.398  | -0.01 |  0.01 |  odo  |
| 1.401  | -0.00 | -0.00 |  gps  |
| 1.423  | -0.00 | -0.00 |  odo  |
| 1.448  | -0.00 | -0.00 |  odo  |
| 1.473  | -0.00 | -0.00 |  odo  |
| 1.493  | -0.01 |  0.01 | laser |
| 1.498  | -0.01 |  0.01 |  odo  |
| 1.523  | -0.01 |  0.01 |  odo  |
| 1.548  | -0.01 |  0.01 |  odo  |
| 1.573  | -0.01 |  0.01 |  odo  |
| 1.598  | -0.01 |  0.01 |  odo  |
| 1.601  | -0.01 | -0.00 |  gps  |
| 1.623  | -0.01 | -0.00 |  odo  |
| 1.648  | -0.01 | -0.00 |  odo  |
| 1.673  | -0.01 | -0.00 |  odo  |
| 1.698  | -0.01 | -0.00 |  odo  |
| 1.706  | -0.01 |  0.01 | laser |
| 1.723  | -0.01 |  0.01 |  odo  |
| 1.748  | -0.01 |  0.01 |  odo  |
| 1.773  | -0.01 |  0.01 |  odo  |
| 1.798  | -0.01 |  0.01 |  odo  |
| 1.801  | -0.01 |  0.02 |  gps  |
| 1.823  | -0.01 |  0.02 |  odo  |
| 1.848  | -0.01 |  0.02 |  odo  |
| 1.873  | -0.01 |  0.02 |  odo  |
| 1.898  | -0.01 |  0.02 |  odo  |
| 1.920  | -0.01 |  0.02 | laser |
| 1.923  | -0.01 |  0.02 |  odo  |
| 1.948  | -0.01 |  0.02 |  odo  |
| 1.973  | -0.01 |  0.02 |  odo  |
| 1.998  | -0.01 |  0.02 |  odo  |
| 2.002  | -0.01 |  0.01 |  gps  |
| 2.023  | -0.01 |  0.01 |  odo  |
| 2.048  | -0.01 |  0.01 |  odo  |
| 2.073  | -0.01 |  0.01 |  odo  |
| 2.098  | -0.01 |  0.01 |  odo  |
| 2.123  | -0.01 |  0.01 |  odo  |
| 2.133  | -0.01 |  0.01 | laser |
| 2.148  | -0.01 |  0.01 |  odo  |
| 2.173  | -0.01 |  0.01 |  odo  |
| 2.198  | -0.01 |  0.01 |  odo  |
| 2.202  | -0.01 | -0.00 |  gps  |
| 2.223  | -0.01 | -0.00 |  odo  |
| 2.248  | -0.01 | -0.00 |  odo  |
| 2.273  | -0.01 | -0.00 |  odo  |
| 2.298  | -0.01 | -0.00 |  odo  |
| 2.323  | -0.01 | -0.00 |  odo  |
| 2.347  | -0.04 |  0.01 | laser |
| 2.348  | -0.04 |  0.01 |  odo  |
| 2.373  | -0.04 |  0.01 |  odo  |
| 2.398  | -0.04 |  0.01 |  odo  |
| 2.402  | -0.03 | -0.00 |  gps  |
| 2.423  | -0.03 | -0.00 |  odo  |
| 2.448  | -0.03 | -0.00 |  odo  |
| 2.473  | -0.03 | -0.00 |  odo  |
| 2.498  | -0.03 | -0.00 |  odo  |
| 2.523  | -0.03 | -0.00 |  odo  |
| 2.548  | -0.03 | -0.00 |  odo  |
| 2.561  | -0.01 |  0.01 | laser |
| 2.573  | -0.01 |  0.01 |  odo  |
| 2.598  | -0.01 |  0.01 |  odo  |
| 2.602  | -0.01 | -0.00 |  gps  |
| 2.623  | -0.01 | -0.00 |  odo  |
| 2.648  | -0.01 | -0.00 |  odo  |
| 2.673  | -0.01 | -0.00 |  odo  |
| 2.698  | -0.01 | -0.00 |  odo  |
| 2.723  | -0.01 | -0.00 |  odo  |
| 2.748  | -0.01 | -0.00 |  odo  |
| 2.773  | -0.01 | -0.00 |  odo  |
| 2.775  | -0.02 |  0.02 | laser |
| 2.798  | -0.02 |  0.02 |  odo  |
| 2.802  | -0.01 | -0.00 |  gps  |
| 2.823  | -0.01 | -0.00 |  odo  |
| 2.848  | -0.01 | -0.00 |  odo  |
| 2.873  | -0.01 | -0.00 |  odo  |
| 2.898  | -0.01 | -0.00 |  odo  |
| 2.923  | -0.01 | -0.00 |  odo  |
| 2.948  | -0.01 | -0.00 |  odo  |
| 2.973  | -0.01 | -0.00 |  odo  |
| 2.988  | -0.01 |  0.01 | laser |
| 2.998  | -0.01 |  0.01 |  odo  |
| 3.003  |  0.00 | -0.03 |  gps  |
| 3.023  |  0.00 | -0.03 |  odo  |
| 3.048  |  0.00 | -0.03 |  odo  |
| 3.073  |  0.00 | -0.03 |  odo  |
| 3.098  |  0.00 | -0.03 |  odo  |
| 3.123  |  0.00 | -0.03 |  odo  |
| 3.148  |  0.00 | -0.03 |  odo  |
| 3.173  |  0.00 | -0.03 |  odo  |
| 3.198  |  0.00 | -0.03 |  odo  |
| 3.202  | -0.01 |  0.01 | laser |
| 3.203  | -0.01 | -0.00 |  gps  |
| 3.223  | -0.01 | -0.00 |  odo  |
| 3.248  | -0.01 | -0.00 |  odo  |
| 3.273  | -0.01 | -0.00 |  odo  |
| 3.298  | -0.01 | -0.00 |  odo  |
| 3.323  | -0.01 | -0.00 |  odo  |
| 3.348  | -0.01 | -0.00 |  odo  |
| 3.373  | -0.01 | -0.00 |  odo  |
| 3.398  | -0.01 | -0.00 |  odo  |
| 3.403  | -0.00 | -0.02 |  gps  |
| 3.415  | -0.01 |  0.01 | laser |
| 3.423  | -0.01 |  0.01 |  odo  |
| 3.448  | -0.01 |  0.01 |  odo  |
| 3.473  | -0.01 |  0.01 |  odo  |
| 3.498  | -0.01 |  0.01 |  odo  |
| 3.523  | -0.01 |  0.01 |  odo  |
| 3.548  | -0.01 |  0.01 |  odo  |
| 3.573  | -0.01 |  0.01 |  odo  |
| 3.598  | -0.01 |  0.01 |  odo  |
| 3.603  |  0.01 | -0.04 |  gps  |
| 3.623  |  0.01 | -0.04 |  odo  |
| 3.629  | -0.03 |  0.02 | laser |
| 3.648  | -0.02 |  0.02 |  odo  |
| 3.673  | -0.02 |  0.02 |  odo  |
| 3.698  | -0.02 |  0.02 |  odo  |
| 3.723  | -0.02 |  0.02 |  odo  |
| 3.748  | -0.02 |  0.02 |  odo  |
| 3.773  | -0.01 |  0.03 |  odo  |
| 3.798  | -0.01 |  0.03 |  odo  |
| 3.803  | -0.02 |  0.01 |  gps  |
| 3.823  | -0.01 |  0.02 |  odo  |
| 3.842  | -0.00 |  0.06 | laser |
| 3.848  | -0.00 |  0.06 |  odo  |
| 3.873  |  0.00 |  0.06 |  odo  |
| 3.898  |  0.01 |  0.07 |  odo  |
| 3.923  |  0.01 |  0.07 |  odo  |
| 3.948  |  0.02 |  0.07 |  odo  |
| 3.973  |  0.03 |  0.08 |  odo  |
| 3.998  |  0.03 |  0.08 |  odo  |
| 4.004  |  0.04 |  0.05 |  gps  |
| 4.023  |  0.05 |  0.05 |  odo  |
| 4.048  |  0.06 |  0.06 |  odo  |
| 4.056  |  0.03 |  0.11 | laser |
| 4.073  |  0.03 |  0.11 |  odo  |
| 4.098  |  0.04 |  0.12 |  odo  |
| 4.123  |  0.05 |  0.12 |  odo  |
| 4.148  |  0.06 |  0.13 |  odo  |
| 4.173  |  0.07 |  0.14 |  odo  |
| 4.198  |  0.08 |  0.14 |  odo  |
| 4.204  |  0.08 |  0.10 |  gps  |
| 4.223  |  0.09 |  0.11 |  odo  |
| 4.248  |  0.10 |  0.12 |  odo  |
| 4.270  |  0.10 |  0.13 | laser |
| 4.273  |  0.12 |  0.14 |  odo  |
| 4.298  |  0.13 |  0.14 |  odo  |
| 4.323  |  0.14 |  0.15 |  odo  |
| 4.348  |  0.15 |  0.16 |  odo  |
| 4.373  |  0.16 |  0.17 |  odo  |
| 4.398  |  0.17 |  0.18 |  odo  |
| 4.404  |  0.17 |  0.17 |  gps  |
| 4.423  |  0.18 |  0.18 |  odo  |
| 4.448  |  0.19 |  0.19 |  odo  |
| 4.473  |  0.21 |  0.20 |  odo  |
| 4.484  |  0.16 |  0.20 | laser |
| 4.498  |  0.17 |  0.21 |  odo  |
| 4.523  |  0.19 |  0.22 |  odo  |
| 4.548  |  0.20 |  0.23 |  odo  |
| 4.573  |  0.22 |  0.25 |  odo  |
| 4.598  |  0.24 |  0.26 |  odo  |
| 4.604  |  0.24 |  0.23 |  gps  |
| 4.623  |  0.26 |  0.25 |  odo  |
| 4.648  |  0.27 |  0.26 |  odo  |
| 4.673  |  0.29 |  0.27 |  odo  |
| 4.698  |  0.29 |  0.29 | laser |
| 4.698  |  0.31 |  0.31 |  odo  |
| 4.723  |  0.32 |  0.32 |  odo  |
| 4.748  |  0.34 |  0.33 |  odo  |
| 4.773  |  0.36 |  0.35 |  odo  |
| 4.798  |  0.38 |  0.36 |  odo  |
| 4.804  |  0.38 |  0.34 |  gps  |
| 4.823  |  0.39 |  0.36 |  odo  |
| 4.848  |  0.41 |  0.37 |  odo  |
| 4.873  |  0.44 |  0.39 |  odo  |
| 4.898  |  0.46 |  0.40 |  odo  |
| 4.911  |  0.56 |  0.39 | laser |
| 4.923  |  0.58 |  0.41 |  odo  |
| 4.948  |  0.60 |  0.42 |  odo  |
| 4.973  |  0.62 |  0.44 |  odo  |
| 4.998  |  0.64 |  0.46 |  odo  |
| 5.005  |  0.63 |  0.46 |  gps  |
| 5.023  |  0.65 |  0.47 |  odo  |
| 5.048  |  0.67 |  0.49 |  odo  |
| 5.073  |  0.70 |  0.51 |  odo  |
| 5.098  |  0.72 |  0.53 |  odo  |
| 5.123  |  0.74 |  0.55 |  odo  |
| 5.125  |  0.68 |  0.49 | laser |
| 5.148  |  0.70 |  0.51 |  odo  |
| 5.173  |  0.72 |  0.53 |  odo  |
| 5.198  |  0.75 |  0.54 |  odo  |
| 5.205  |  0.72 |  0.57 |  gps  |
| 5.223  |  0.75 |  0.59 |  odo  |
| 5.248  |  0.77 |  0.61 |  odo  |
| 5.273  |  0.80 |  0.63 |  odo  |
| 5.298  |  0.82 |  0.65 |  odo  |
| 5.323  |  0.85 |  0.67 |  odo  |
| 5.338  |  0.70 |  0.66 | laser |
| 5.348  |  0.73 |  0.68 |  odo  |
| 5.373  |  0.76 |  0.70 |  odo  |
| 5.398  |  0.78 |  0.73 |  odo  |
| 5.405  |  0.78 |  0.75 |  gps  |
| 5.423  |  0.81 |  0.77 |  odo  |
| 5.448  |  0.83 |  0.79 |  odo  |
| 5.473  |  0.86 |  0.81 |  odo  |
| 5.498  |  0.89 |  0.83 |  odo  |
| 5.523  |  0.92 |  0.85 |  odo  |
| 5.548  |  0.95 |  0.88 |  odo  |
| 5.552  |  0.95 |  0.92 | laser |
| 5.573  |  0.98 |  0.94 |  odo  |
| 5.598  |  1.01 |  0.96 |  odo  |
| 5.605  |  1.01 |  0.96 |  gps  |
| 5.623  |  1.04 |  0.98 |  odo  |
| 5.648  |  1.07 |  1.01 |  odo  |
| 5.673  |  1.10 |  1.03 |  odo  |
| 5.698  |  1.14 |  1.05 |  odo  |
| 5.723  |  1.17 |  1.08 |  odo  |
| 5.748  |  1.20 |  1.10 |  odo  |
| 5.765  |  1.24 |  1.09 | laser |
| 5.773  |  1.28 |  1.11 |  odo  |
| 5.798  |  1.31 |  1.14 |  odo  |
| 5.805  |  1.28 |  1.17 |  gps  |
| 5.823  |  1.31 |  1.20 |  odo  |
| 5.848  |  1.35 |  1.22 |  odo  |
| 5.873  |  1.38 |  1.25 |  odo  |
| 5.898  |  1.42 |  1.27 |  odo  |
| 5.923  |  1.45 |  1.30 |  odo  |
| 5.948  |  1.49 |  1.33 |  odo  |
| 5.973  |  1.53 |  1.35 |  odo  |
| 5.979  |  1.56 |  1.27 | laser |
| 5.998  |  1.60 |  1.30 |  odo  |
| 6.006  |  1.57 |  1.34 |  gps  |
| 6.023  |  1.61 |  1.37 |  odo  |
| 6.048  |  1.65 |  1.40 |  odo  |
| 6.073  |  1.69 |  1.42 |  odo  |
| 6.098  |  1.72 |  1.45 |  odo  |
| 6.123  |  1.76 |  1.48 |  odo  |
| 6.148  |  1.80 |  1.51 |  odo  |
| 6.173  |  1.84 |  1.54 |  odo  |
| 6.193  |  1.89 |  1.51 | laser |
| 6.198  |  1.93 |  1.54 |  odo  |
| 6.206  |  1.90 |  1.58 |  gps  |
| 6.223  |  1.94 |  1.61 |  odo  |
| 6.248  |  1.98 |  1.63 |  odo  |
| 6.273  |  2.02 |  1.66 |  odo  |
| 6.298  |  2.06 |  1.69 |  odo  |
| 6.323  |  2.10 |  1.72 |  odo  |
| 6.348  |  2.14 |  1.75 |  odo  |
| 6.373  |  2.18 |  1.78 |  odo  |
| 6.398  |  2.22 |  1.81 |  odo  |
| 6.406  |  2.12 |  1.91 |  gps  |
| 6.406  |  2.10 |  1.82 | laser |
| 6.423  |  2.14 |  1.85 |  odo  |
| 6.448  |  2.19 |  1.88 |  odo  |
| 6.473  |  2.23 |  1.91 |  odo  |
| 6.498  |  2.27 |  1.94 |  odo  |
| 6.523  |  2.31 |  1.97 |  odo  |
| 6.548  |  2.36 |  2.00 |  odo  |
| 6.573  |  2.40 |  2.04 |  odo  |
| 6.598  |  2.44 |  2.07 |  odo  |
| 6.606  |  2.38 |  2.16 |  gps  |
| 6.620  |  2.42 |  2.13 | laser |
| 6.623  |  2.46 |  2.16 |  odo  |
| 6.648  |  2.51 |  2.19 |  odo  |
| 6.673  |  2.55 |  2.22 |  odo  |
| 6.698  |  2.59 |  2.25 |  odo  |
| 6.723  |  2.64 |  2.29 |  odo  |
| 6.748  |  2.68 |  2.32 |  odo  |
| 6.773  |  2.73 |  2.35 |  odo  |
| 6.798  |  2.78 |  2.39 |  odo  |
| 6.806  |  2.69 |  2.47 |  gps  |
| 6.823  |  2.74 |  2.51 |  odo  |
| 6.833  |  2.81 |  2.42 | laser |
| 6.848  |  2.85 |  2.46 |  odo  |
| 6.873  |  2.90 |  2.49 |  odo  |
| 6.898  |  2.95 |  2.52 |  odo  |
| 6.923  |  2.99 |  2.56 |  odo  |
| 6.948  |  3.04 |  2.59 |  odo  |
| 6.973  |  3.09 |  2.63 |  odo  |
| 6.998  |  3.14 |  2.66 |  odo  |
| 7.007  |  3.05 |  2.77 |  gps  |
| 7.023  |  3.10 |  2.81 |  odo  |
| 7.047  |  3.35 |  2.73 | laser |
| 7.048  |  3.40 |  2.76 |  odo  |
| 7.073  |  3.45 |  2.80 |  odo  |
| 7.098  |  3.50 |  2.83 |  odo  |
| 7.123  |  3.55 |  2.87 |  odo  |
| 7.148  |  3.60 |  2.91 |  odo  |
| 7.173  |  3.65 |  2.94 |  odo  |
| 7.198  |  3.70 |  2.98 |  odo  |
| 7.207  |  3.58 |  3.09 |  gps  |
| 7.223  |  3.63 |  3.13 |  odo  |
| 7.248  |  3.68 |  3.17 |  odo  |
| 7.261  |  3.74 |  3.15 | laser |
| 7.273  |  3.80 |  3.19 |  odo  |
| 7.298  |  3.85 |  3.23 |  odo  |
| 7.323  |  3.90 |  3.27 |  odo  |
| 7.348  |  3.95 |  3.30 |  odo  |
| 7.373  |  4.00 |  3.34 |  odo  |
| 7.398  |  4.06 |  3.38 |  odo  |
| 7.407  |  3.92 |  3.52 |  gps  |
| 7.423  |  3.97 |  3.55 |  odo  |
| 7.448  |  4.03 |  3.59 |  odo  |
| 7.473  |  4.08 |  3.63 |  odo  |
| 7.474  |  4.11 |  3.40 | laser |
| 7.498  |  4.17 |  3.44 |  odo  |
| 7.523  |  4.22 |  3.48 |  odo  |
| 7.548  |  4.28 |  3.52 |  odo  |
| 7.573  |  4.33 |  3.56 |  odo  |
| 7.598  |  4.39 |  3.60 |  odo  |
| 7.607  |  4.28 |  3.73 |  gps  |
| 7.623  |  4.33 |  3.77 |  odo  |
| 7.648  |  4.39 |  3.81 |  odo  |
| 7.673  |  4.44 |  3.85 |  odo  |
| 7.688  |  4.58 |  3.72 | laser |
| 7.698  |  4.63 |  3.76 |  odo  |
| 7.723  |  4.69 |  3.80 |  odo  |
| 7.748  |  4.75 |  3.84 |  odo  |
| 7.773  |  4.80 |  3.88 |  odo  |
| 7.798  |  4.86 |  3.92 |  odo  |
| 7.807  |  4.72 |  4.08 |  gps  |
| 7.823  |  4.78 |  4.12 |  odo  |
| 7.848  |  4.83 |  4.16 |  odo  |
| 7.873  |  4.89 |  4.20 |  odo  |
| 7.898  |  4.95 |  4.24 |  odo  |
| 7.902  |  4.93 |  4.08 | laser |
| 7.923  |  4.99 |  4.12 |  odo  |
| 7.948  |  5.05 |  4.17 |  odo  |
| 7.973  |  5.11 |  4.21 |  odo  |
| 7.998  |  5.17 |  4.25 |  odo  |
| 8.008  |  5.06 |  4.41 |  gps  |
| 8.023  |  5.12 |  4.45 |  odo  |
| 8.048  |  5.18 |  4.49 |  odo  |
| 8.073  |  5.24 |  4.54 |  odo  |
| 8.098  |  5.30 |  4.58 |  odo  |
| 8.116  |  5.39 |  4.51 | laser |
| 8.123  |  5.45 |  4.56 |  odo  |
| 8.148  |  5.51 |  4.60 |  odo  |
| 8.173  |  5.57 |  4.64 |  odo  |
| 8.198  |  5.64 |  4.69 |  odo  |
| 8.208  |  5.51 |  4.84 |  gps  |
| 8.223  |  5.57 |  4.88 |  odo  |
| 8.248  |  5.63 |  4.93 |  odo  |
| 8.273  |  5.69 |  4.97 |  odo  |
| 8.298  |  5.76 |  5.02 |  odo  |
| 8.323  |  5.82 |  5.06 |  odo  |
| 8.329  |  5.82 |  5.01 | laser |
| 8.348  |  5.88 |  5.05 |  odo  |
| 8.373  |  5.94 |  5.10 |  odo  |
| 8.398  |  6.01 |  5.14 |  odo  |
| 8.408  |  5.90 |  5.29 |  gps  |
| 8.423  |  5.96 |  5.34 |  odo  |
| 8.448  |  6.02 |  5.38 |  odo  |
| 8.473  |  6.09 |  5.43 |  odo  |
| 8.498  |  6.15 |  5.47 |  odo  |
| 8.523  |  6.21 |  5.52 |  odo  |
| 8.543  |  6.33 |  5.38 | laser |
| 8.548  |  6.39 |  5.43 |  odo  |
| 8.573  |  6.45 |  5.47 |  odo  |
| 8.598  |  6.52 |  5.52 |  odo  |
| 8.608  |  6.41 |  5.68 |  gps  |
| 8.623  |  6.47 |  5.73 |  odo  |
| 8.648  |  6.53 |  5.78 |  odo  |
| 8.673  |  6.60 |  5.82 |  odo  |
| 8.698  |  6.66 |  5.87 |  odo  |
| 8.723  |  6.73 |  5.92 |  odo  |
| 8.748  |  6.79 |  5.97 |  odo  |
| 8.756  |  6.94 |  5.74 | laser |
| 8.773  |  7.01 |  5.79 |  odo  |
| 8.798  |  7.07 |  5.84 |  odo  |
| 8.808  |  6.96 |  5.97 |  gps  |
| 8.823  |  7.03 |  6.02 |  odo  |
| 8.848  |  7.09 |  6.07 |  odo  |
| 8.873  |  7.16 |  6.12 |  odo  |
| 8.898  |  7.23 |  6.16 |  odo  |
| 8.923  |  7.29 |  6.21 |  odo  |
| 8.948  |  7.36 |  6.26 |  odo  |
| 8.970  |  7.46 |  6.11 | laser |
| 8.973  |  7.53 |  6.16 |  odo  |
| 8.998  |  7.59 |  6.21 |  odo  |
| 9.009  |  7.48 |  6.36 |  gps  |
| 9.023  |  7.54 |  6.41 |  odo  |
| 9.048  |  7.61 |  6.46 |  odo  |
| 9.073  |  7.68 |  6.51 |  odo  |
| 9.098  |  7.75 |  6.56 |  odo  |
| 9.123  |  7.81 |  6.61 |  odo  |
| 9.148  |  7.88 |  6.66 |  odo  |
| 9.173  |  7.95 |  6.71 |  odo  |
| 9.184  |  7.93 |  6.62 | laser |
| 9.198  |  7.99 |  6.67 |  odo  |
| 9.209  |  7.92 |  6.78 |  gps  |
| 9.223  |  7.99 |  6.83 |  odo  |
| 9.248  |  8.05 |  6.88 |  odo  |
| 9.273  |  8.12 |  6.93 |  odo  |
| 9.298  |  8.19 |  6.98 |  odo  |
| 9.323  |  8.26 |  7.03 |  odo  |
| 9.348  |  8.33 |  7.08 |  odo  |
| 9.373  |  8.40 |  7.13 |  odo  |
| 9.397  |  8.43 |  7.08 | laser |
| 9.398  |  8.50 |  7.13 |  odo  |
| 9.409  |  8.43 |  7.36 |  gps  |
| 9.423  |  8.50 |  7.42 |  odo  |
| 9.448  |  8.57 |  7.47 |  odo  |
| 9.473  |  8.64 |  7.52 |  odo  |
| 9.498  |  8.70 |  7.58 |  odo  |
| 9.523  |  8.77 |  7.63 |  odo  |
| 9.548  |  8.83 |  7.69 |  odo  |
| 9.573  |  8.90 |  7.74 |  odo  |
| 9.598  |  8.97 |  7.80 |  odo  |
| 9.611  |  9.14 |  7.40 | laser |
| 9.623  |  9.21 |  7.46 |  odo  |
| 9.648  |  9.28 |  7.51 |  odo  |
| 9.673  |  9.35 |  7.56 |  odo  |
| 9.698  |  9.42 |  7.61 |  odo  |
| 9.723  |  9.48 |  7.67 |  odo  |
| 9.748  |  9.55 |  7.72 |  odo  |
| 9.773  |  9.62 |  7.77 |  odo  |
| 9.798  |  9.69 |  7.82 |  odo  |
| 9.823  |  9.75 |  7.88 |  odo  |
| 9.824  |  9.79 |  7.69 | laser |
| 9.848  |  9.86 |  7.75 |  odo  |
| 9.873  |  9.92 |  7.80 |  odo  |
| 9.898  |  9.99 |  7.85 |  odo  |
| 9.923  | 10.05 |  7.91 |  odo  |
| 9.948  | 10.12 |  7.96 |  odo  |
| 9.973  | 10.18 |  8.01 |  odo  |
| 9.998  | 10.25 |  8.07 |  odo  |
| 10.023 | 10.31 |  8.12 |  odo  |
| 10.038 | 10.34 |  8.07 | laser |
| 10.048 | 10.40 |  8.12 |  odo  |
| 10.073 | 10.47 |  8.17 |  odo  |
| 10.098 | 10.53 |  8.23 |  odo  |
| 10.123 | 10.59 |  8.28 |  odo  |
| 10.148 | 10.66 |  8.34 |  odo  |
| 10.173 | 10.72 |  8.39 |  odo  |
| 10.198 | 10.79 |  8.45 |  odo  |
| 10.223 | 10.85 |  8.50 |  odo  |
| 10.248 | 10.91 |  8.55 |  odo  |
| 10.251 | 10.78 |  8.63 | laser |
| 10.273 | 10.84 |  8.68 |  odo  |
| 10.298 | 10.90 |  8.74 |  odo  |
| 10.323 | 10.96 |  8.79 |  odo  |
| 10.348 | 11.03 |  8.84 |  odo  |
| 10.373 | 11.09 |  8.90 |  odo  |
| 10.398 | 11.15 |  8.95 |  odo  |
| 10.423 | 11.21 |  9.01 |  odo  |
| 10.448 | 11.27 |  9.06 |  odo  |
| 10.465 | 10.93 |  9.44 | laser |
| 10.473 | 10.99 |  9.49 |  odo  |
| 10.498 | 11.05 |  9.54 |  odo  |
| 10.523 | 11.11 |  9.60 |  odo  |
| 10.548 | 11.17 |  9.65 |  odo  |
| 10.573 | 11.23 |  9.70 |  odo  |
| 10.598 | 11.29 |  9.75 |  odo  |
| 10.623 | 11.35 |  9.80 |  odo  |
| 10.648 | 11.41 |  9.86 |  odo  |
| 10.673 | 11.47 |  9.91 |  odo  |
| 10.679 | 11.45 |  9.86 | laser |
| 10.698 | 11.51 |  9.91 |  odo  |
| 10.723 | 11.57 |  9.96 |  odo  |
| 10.748 | 11.63 | 10.01 |  odo  |
| 10.773 | 11.69 | 10.06 |  odo  |
| 10.798 | 11.75 | 10.11 |  odo  |
| 10.823 | 11.81 | 10.16 |  odo  |
| 10.848 | 11.87 | 10.21 |  odo  |
| 10.873 | 11.92 | 10.26 |  odo  |
| 10.892 | 11.59 | 10.19 | laser |
| 10.898 | 11.65 | 10.24 |  odo  |
| 10.923 | 11.71 | 10.29 |  odo  |
| 10.948 | 11.76 | 10.34 |  odo  |
| 10.973 | 11.82 | 10.38 |  odo  |
| 10.998 | 11.87 | 10.43 |  odo  |
| 11.023 | 11.93 | 10.48 |  odo  |
| 11.048 | 11.98 | 10.53 |  odo  |
| 11.073 | 12.03 | 10.58 |  odo  |
| 11.098 | 12.09 | 10.63 |  odo  |
| 11.106 | 12.07 | 10.72 | laser |
| 11.123 | 12.13 | 10.77 |  odo  |
| 11.148 | 12.18 | 10.82 |  odo  |
| 11.173 | 12.23 | 10.86 |  odo  |
| 11.198 | 12.28 | 10.91 |  odo  |
| 11.223 | 12.33 | 10.95 |  odo  |
| 11.248 | 12.39 | 11.00 |  odo  |
| 11.273 | 12.44 | 11.05 |  odo  |
| 11.298 | 12.49 | 11.09 |  odo  |
| 11.320 | 12.49 | 11.14 | laser |
| 11.323 | 12.53 | 11.18 |  odo  |
| 11.348 | 12.58 | 11.23 |  odo  |
| 11.373 | 12.63 | 11.27 |  odo  |
| 11.398 | 12.68 | 11.32 |  odo  |
| 11.423 | 12.72 | 11.36 |  odo  |
| 11.448 | 12.77 | 11.41 |  odo  |
| 11.473 | 12.81 | 11.45 |  odo  |
| 11.498 | 12.86 | 11.50 |  odo  |
| 11.523 | 12.90 | 11.54 |  odo  |
| 11.533 | 12.78 | 11.74 | laser |
| 11.548 | 12.83 | 11.78 |  odo  |
| 11.573 | 12.87 | 11.82 |  odo  |
| 11.598 | 12.92 | 11.86 |  odo  |
| 11.623 | 12.97 | 11.90 |  odo  |
| 11.648 | 13.01 | 11.94 |  odo  |
| 11.673 | 13.06 | 11.97 |  odo  |
| 11.698 | 13.11 | 12.01 |  odo  |
| 11.723 | 13.15 | 12.05 |  odo  |
| 11.747 | 13.21 | 12.01 | laser |
| 11.748 | 13.26 | 12.04 |  odo  |
| 11.773 | 13.30 | 12.08 |  odo  |
| 11.798 | 13.34 | 12.12 |  odo  |
| 11.823 | 13.38 | 12.16 |  odo  |
| 11.848 | 13.42 | 12.19 |  odo  |
| 11.873 | 13.47 | 12.23 |  odo  |
| 11.898 | 13.51 | 12.26 |  odo  |
| 11.923 | 13.55 | 12.30 |  odo  |
| 11.948 | 13.59 | 12.34 |  odo  |
| 11.961 | 14.05 | 12.04 | laser |
| 11.973 | 14.09 | 12.07 |  odo  |
| 11.998 | 14.13 | 12.10 |  odo  |
| 12.023 | 14.17 | 12.14 |  odo  |
| 12.048 | 14.20 | 12.17 |  odo  |
| 12.073 | 14.24 | 12.20 |  odo  |
| 12.098 | 14.28 | 12.24 |  odo  |
| 12.123 | 14.32 | 12.27 |  odo  |
| 12.148 | 14.35 | 12.30 |  odo  |
| 12.173 | 14.39 | 12.33 |  odo  |
| 12.174 | 14.36 | 12.11 | laser |
| 12.198 | 14.39 | 12.15 |  odo  |
| 12.223 | 14.42 | 12.18 |  odo  |
| 12.248 | 14.46 | 12.21 |  odo  |
| 12.273 | 14.49 | 12.24 |  odo  |
| 12.298 | 14.52 | 12.28 |  odo  |
| 12.323 | 14.56 | 12.31 |  odo  |
| 12.348 | 14.59 | 12.34 |  odo  |
| 12.373 | 14.62 | 12.37 |  odo  |
| 12.388 | 14.53 | 11.70 | laser |
| 12.398 | 14.56 | 11.73 |  odo  |
| 12.423 | 14.59 | 11.76 |  odo  |
| 12.448 | 14.62 | 11.79 |  odo  |
| 12.473 | 14.65 | 11.82 |  odo  |
| 12.498 | 14.68 | 11.85 |  odo  |
| 12.523 | 14.71 | 11.88 |  odo  |
| 12.548 | 14.74 | 11.91 |  odo  |
| 12.573 | 14.77 | 11.94 |  odo  |
| 12.598 | 14.80 | 11.97 |  odo  |
| 12.601 | 14.52 | 11.54 | laser |
| 12.623 | 14.55 | 11.57 |  odo  |
| 12.648 | 14.58 | 11.60 |  odo  |
| 12.673 | 14.61 | 11.62 |  odo  |
| 12.698 | 14.63 | 11.65 |  odo  |
| 12.723 | 14.66 | 11.67 |  odo  |
| 12.748 | 14.69 | 11.70 |  odo  |
| 12.773 | 14.72 | 11.72 |  odo  |
| 12.798 | 14.74 | 11.75 |  odo  |
| 12.815 | 14.82 | 11.70 | laser |
| 12.823 | 14.85 | 11.73 |  odo  |
| 12.848 | 14.87 | 11.75 |  odo  |
| 12.873 | 14.90 | 11.78 |  odo  |
| 12.898 | 14.92 | 11.80 |  odo  |
| 12.923 | 14.95 | 11.83 |  odo  |
| 12.948 | 14.97 | 11.85 |  odo  |
| 12.973 | 14.99 | 11.87 |  odo  |
| 12.998 | 15.02 | 11.90 |  odo  |
| 13.023 | 15.04 | 11.92 |  odo  |
| 13.029 | 14.86 | 12.00 | laser |
| 13.048 | 14.88 | 12.03 |  odo  |
| 13.073 | 14.90 | 12.05 |  odo  |
| 13.098 | 14.92 | 12.07 |  odo  |
| 13.123 | 14.95 | 12.09 |  odo  |
| 13.148 | 14.97 | 12.12 |  odo  |
| 13.173 | 14.99 | 12.14 |  odo  |
| 13.198 | 15.01 | 12.16 |  odo  |
| 13.223 | 15.03 | 12.18 |  odo  |
| 13.243 | 14.87 | 12.07 | laser |
| 13.248 | 14.89 | 12.09 |  odo  |
| 13.273 | 14.91 | 12.11 |  odo  |
| 13.298 | 14.93 | 12.13 |  odo  |
| 13.323 | 14.94 | 12.15 |  odo  |
| 13.348 | 14.96 | 12.17 |  odo  |
| 13.373 | 14.98 | 12.19 |  odo  |
| 13.398 | 15.00 | 12.20 |  odo  |
| 13.423 | 15.01 | 12.22 |  odo  |
| 13.448 | 15.03 | 12.24 |  odo  |
| 13.456 | 15.09 | 12.29 | laser |
| 13.473 | 15.11 | 12.31 |  odo  |
| 13.498 | 15.13 | 12.32 |  odo  |
| 13.523 | 15.14 | 12.34 |  odo  |
| 13.548 | 15.16 | 12.36 |  odo  |
| 13.573 | 15.17 | 12.37 |  odo  |
| 13.598 | 15.19 | 12.39 |  odo  |
| 13.623 | 15.21 | 12.40 |  odo  |
| 13.648 | 15.22 | 12.42 |  odo  |
| 13.670 | 15.25 | 12.42 | laser |
| 13.673 | 15.27 | 12.44 |  odo  |
| 13.698 | 15.28 | 12.45 |  odo  |
| 13.723 | 15.30 | 12.46 |  odo  |
| 13.748 | 15.31 | 12.48 |  odo  |
| 13.773 | 15.32 | 12.49 |  odo  |
| 13.798 | 15.34 | 12.50 |  odo  |
| 13.823 | 15.35 | 12.52 |  odo  |
| 13.848 | 15.36 | 12.53 |  odo  |
| 13.873 | 15.38 | 12.54 |  odo  |
| 13.883 | 15.26 | 12.44 | laser |
| 13.898 | 15.27 | 12.45 |  odo  |
| 13.923 | 15.29 | 12.46 |  odo  |
| 13.948 | 15.30 | 12.47 |  odo  |
| 13.973 | 15.31 | 12.48 |  odo  |
| 13.998 | 15.32 | 12.49 |  odo  |
| 14.023 | 15.33 | 12.50 |  odo  |
| 14.048 | 15.34 | 12.51 |  odo  |
| 14.073 | 15.35 | 12.52 |  odo  |
| 14.097 | 14.99 | 12.97 | laser |
| 14.098 | 15.00 | 12.98 |  odo  |
| 14.123 | 15.01 | 12.99 |  odo  |
| 14.148 | 15.02 | 13.00 |  odo  |
| 14.173 | 15.03 | 13.01 |  odo  |
| 14.198 | 15.04 | 13.01 |  odo  |
| 14.223 | 15.05 | 13.02 |  odo  |
| 14.248 | 15.05 | 13.03 |  odo  |
| 14.273 | 15.06 | 13.04 |  odo  |
| 14.298 | 15.07 | 13.04 |  odo  |
| 14.310 | 15.14 | 12.96 | laser |
| 14.323 | 15.15 | 12.97 |  odo  |
| 14.348 | 15.15 | 12.98 |  odo  |
| 14.373 | 15.16 | 12.98 |  odo  |
| 14.398 | 15.17 | 12.99 |  odo  |
| 14.423 | 15.18 | 12.99 |  odo  |
| 14.448 | 15.18 | 13.00 |  odo  |
| 14.473 | 15.19 | 13.00 |  odo  |
| 14.498 | 15.19 | 13.01 |  odo  |
| 14.523 | 15.20 | 13.01 |  odo  |
| 14.524 | 15.02 | 13.30 | laser |
| 14.548 | 15.03 | 13.31 |  odo  |
| 14.573 | 15.03 | 13.31 |  odo  |
| 14.598 | 15.04 | 13.32 |  odo  |
| 14.623 | 15.04 | 13.32 |  odo  |
| 14.648 | 15.05 | 13.32 |  odo  |
| 14.673 | 15.05 | 13.33 |  odo  |
| 14.698 | 15.06 | 13.33 |  odo  |
| 14.723 | 15.06 | 13.33 |  odo  |
| 14.737 | 15.08 | 13.40 | laser |
| 14.748 | 15.08 | 13.40 |  odo  |
| 14.773 | 15.08 | 13.41 |  odo  |
| 14.798 | 15.09 | 13.41 |  odo  |
| 14.823 | 15.09 | 13.41 |  odo  |
| 14.848 | 15.09 | 13.41 |  odo  |
| 14.873 | 15.09 | 13.41 |  odo  |
| 14.898 | 15.09 | 13.41 |  odo  |
| 14.923 | 15.10 | 13.41 |  odo  |
| 14.948 | 15.10 | 13.42 |  odo  |
| 14.951 | 14.79 | 13.86 | laser |
| 14.973 | 14.79 | 13.86 |  odo  |
| 14.998 | 14.79 | 13.86 |  odo  |
| 15.023 | 14.79 | 13.86 |  odo  |
| 15.048 | 14.79 | 13.86 |  odo  |
| 15.073 | 14.79 | 13.86 |  odo  |
| 15.098 | 14.79 | 13.86 |  odo  |
| 15.123 | 14.79 | 13.86 |  odo  |
| 15.148 | 14.79 | 13.86 |  odo  |
| 15.165 | 14.71 | 13.90 | laser |
| 15.173 | 14.71 | 13.90 |  odo  |
| 15.198 | 14.71 | 13.90 |  odo  |
| 15.223 | 14.71 | 13.90 |  odo  |
| 15.248 | 14.71 | 13.90 |  odo  |
| 15.273 | 14.71 | 13.90 |  odo  |
| 15.298 | 14.71 | 13.90 |  odo  |
| 15.323 | 14.71 | 13.90 |  odo  |
| 15.348 | 14.71 | 13.90 |  odo  |
| 15.373 | 14.71 | 13.90 |  odo  |
| 15.379 | 14.82 | 13.83 | laser |
| 15.398 | 14.82 | 13.83 |  odo  |
| 15.423 | 14.82 | 13.83 |  odo  |
| 15.448 | 14.82 | 13.83 |  odo  |
| 15.473 | 14.82 | 13.83 |  odo  |
| 15.498 | 14.82 | 13.83 |  odo  |
| 15.523 | 14.82 | 13.83 |  odo  |
| 15.548 | 14.82 | 13.83 |  odo  |
| 15.573 | 14.82 | 13.83 |  odo  |
| 15.592 | 14.74 | 13.91 | laser |
| 15.598 | 14.74 | 13.91 |  odo  |
| 15.623 | 14.74 | 13.91 |  odo  |
| 15.648 | 14.74 | 13.91 |  odo  |
| 15.673 | 14.74 | 13.91 |  odo  |
| 15.698 | 14.74 | 13.91 |  odo  |
| 15.723 | 14.74 | 13.91 |  odo  |
| 15.748 | 14.74 | 13.91 |  odo  |
| 15.773 | 14.74 | 13.91 |  odo  |
| 15.798 | 14.74 | 13.91 |  odo  |
| 15.806 | 14.57 | 13.62 | laser |
| 15.823 | 14.57 | 13.62 |  odo  |
| 15.848 | 14.57 | 13.62 |  odo  |
| 15.873 | 14.57 | 13.62 |  odo  |
| 15.898 | 14.57 | 13.62 |  odo  |
| 15.923 | 14.57 | 13.62 |  odo  |
| 15.948 | 14.57 | 13.62 |  odo  |
| 15.973 | 14.57 | 13.62 |  odo  |
| 15.998 | 14.57 | 13.62 |  odo  |
| 16.016 | 14.48 | 14.45 |  gps  |
| 16.020 | 14.18 | 14.16 | laser |
| 16.023 | 14.18 | 14.16 |  odo  |
| 16.048 | 14.18 | 14.16 |  odo  |
| 16.073 | 14.18 | 14.16 |  odo  |
| 16.098 | 14.18 | 14.16 |  odo  |
| 16.123 | 14.18 | 14.16 |  odo  |
| 16.148 | 14.18 | 14.16 |  odo  |
| 16.173 | 14.18 | 14.16 |  odo  |
| 16.198 | 14.18 | 14.16 |  odo  |
| 16.216 | 14.13 | 14.90 |  gps  |
| 16.223 | 14.13 | 14.90 |  odo  |
| 16.233 | 13.72 | 14.94 | laser |
| 16.248 | 13.72 | 14.94 |  odo  |
| 16.273 | 13.72 | 14.94 |  odo  |
| 16.298 | 13.72 | 14.94 |  odo  |
| 16.323 | 13.72 | 14.94 |  odo  |
| 16.348 | 13.72 | 14.94 |  odo  |
| 16.373 | 13.72 | 14.94 |  odo  |
| 16.398 | 13.72 | 14.94 |  odo  |
| 16.416 | 13.78 | 15.46 |  gps  |
| 16.423 | 13.78 | 15.46 |  odo  |
| 16.447 | 13.66 | 15.18 | laser |
| 16.448 | 13.66 | 15.18 |  odo  |
| 16.473 | 13.66 | 15.18 |  odo  |
| 16.498 | 13.66 | 15.18 |  odo  |
| 16.523 | 13.66 | 15.18 |  odo  |
| 16.548 | 13.66 | 15.18 |  odo  |
| 16.573 | 13.66 | 15.18 |  odo  |
| 16.598 | 13.66 | 15.18 |  odo  |
| 16.616 | 13.74 | 15.65 |  gps  |
| 16.623 | 13.74 | 15.65 |  odo  |
| 16.648 | 13.74 | 15.65 |  odo  |
| 16.661 | 13.66 | 15.16 | laser |
| 16.673 | 13.66 | 15.16 |  odo  |
| 16.698 | 13.66 | 15.16 |  odo  |
| 16.723 | 13.66 | 15.16 |  odo  |
| 16.748 | 13.66 | 15.16 |  odo  |
| 16.773 | 13.66 | 15.16 |  odo  |
| 16.798 | 13.66 | 15.16 |  odo  |
| 16.816 | 13.73 | 15.60 |  gps  |
| 16.823 | 13.73 | 15.60 |  odo  |
| 16.848 | 13.73 | 15.60 |  odo  |
| 16.873 | 13.73 | 15.60 |  odo  |
| 16.874 | 13.69 | 15.20 | laser |
| 16.898 | 13.69 | 15.20 |  odo  |
| 16.923 | 13.69 | 15.20 |  odo  |
| 16.948 | 13.69 | 15.20 |  odo  |
| 16.973 | 13.69 | 15.20 |  odo  |
| 16.998 | 13.69 | 15.20 |  odo  |
| 17.017 | 13.75 | 15.59 |  gps  |
| 17.023 | 13.75 | 15.59 |  odo  |
| 17.048 | 13.75 | 15.59 |  odo  |
| 17.073 | 13.75 | 15.59 |  odo  |
| 17.088 | 13.72 | 15.20 | laser |
| 17.098 | 13.72 | 15.20 |  odo  |
| 17.123 | 13.72 | 15.20 |  odo  |
| 17.148 | 13.72 | 15.20 |  odo  |
| 17.173 | 13.72 | 15.20 |  odo  |
| 17.198 | 13.72 | 15.20 |  odo  |
| 17.217 | 13.79 | 15.61 |  gps  |
| 17.223 | 13.79 | 15.61 |  odo  |
| 17.248 | 13.79 | 15.61 |  odo  |
| 17.273 | 13.79 | 15.61 |  odo  |
| 17.298 | 13.79 | 15.61 |  odo  |
| 17.301 | 13.73 | 15.30 | laser |
| 17.323 | 13.73 | 15.30 |  odo  |
| 17.348 | 13.73 | 15.30 |  odo  |
| 17.373 | 13.73 | 15.30 |  odo  |
| 17.398 | 13.73 | 15.30 |  odo  |
| 17.417 | 13.78 | 15.63 |  gps  |
| 17.423 | 13.78 | 15.63 |  odo  |
| 17.448 | 13.78 | 15.63 |  odo  |
| 17.473 | 13.78 | 15.63 |  odo  |
| 17.498 | 13.78 | 15.63 |  odo  |
| 17.515 | 13.92 | 14.74 | laser |
| 17.523 | 13.92 | 14.74 |  odo  |
| 17.548 | 13.92 | 14.74 |  odo  |
| 17.573 | 13.92 | 14.74 |  odo  |
| 17.598 | 13.92 | 14.74 |  odo  |
| 17.617 | 13.94 | 15.17 |  gps  |
| 17.623 | 13.94 | 15.17 |  odo  |
| 17.648 | 13.94 | 15.17 |  odo  |
| 17.673 | 13.94 | 15.17 |  odo  |
| 17.698 | 13.94 | 15.17 |  odo  |
| 17.723 | 13.94 | 15.17 |  odo  |
| 17.729 | 13.96 | 14.51 | laser |
| 17.748 | 13.96 | 14.51 |  odo  |
| 17.773 | 13.96 | 14.51 |  odo  |
| 17.798 | 13.96 | 14.51 |  odo  |
| 17.817 | 13.98 | 14.93 |  gps  |
| 17.823 | 13.98 | 14.93 |  odo  |
| 17.848 | 13.98 | 14.93 |  odo  |
| 17.873 | 13.98 | 14.93 |  odo  |
| 17.898 | 13.98 | 14.93 |  odo  |
| 17.923 | 13.98 | 14.93 |  odo  |
| 17.942 | 13.97 | 14.45 | laser |
| 17.948 | 13.97 | 14.45 |  odo  |
| 17.973 | 13.97 | 14.45 |  odo  |
| 17.998 | 13.97 | 14.45 |  odo  |
| 18.019 | 14.00 | 14.86 |  gps  |
| 18.023 | 14.00 | 14.86 |  odo  |
| 18.048 | 14.00 | 14.86 |  odo  |
| 18.073 | 14.00 | 14.86 |  odo  |
| 18.098 | 14.00 | 14.86 |  odo  |
| 18.123 | 14.00 | 14.86 |  odo  |
| 18.148 | 14.00 | 14.86 |  odo  |
| 18.156 | 13.99 | 14.49 | laser |
| 18.173 | 13.99 | 14.49 |  odo  |
| 18.198 | 13.99 | 14.49 |  odo  |
| 18.219 | 14.00 | 14.86 |  gps  |
| 18.223 | 14.00 | 14.86 |  odo  |
| 18.248 | 14.00 | 14.86 |  odo  |
| 18.273 | 14.00 | 14.86 |  odo  |
| 18.298 | 14.00 | 14.86 |  odo  |
| 18.323 | 14.00 | 14.86 |  odo  |
| 18.348 | 14.00 | 14.86 |  odo  |
| 18.369 | 14.12 | 14.42 | laser |
| 18.373 | 14.12 | 14.42 |  odo  |
| 18.398 | 14.12 | 14.42 |  odo  |
| 18.419 | 14.14 | 14.76 |  gps  |
| 18.423 | 14.14 | 14.76 |  odo  |
| 18.448 | 14.14 | 14.76 |  odo  |
| 18.473 | 14.14 | 14.76 |  odo  |
| 18.498 | 14.14 | 14.76 |  odo  |
| 18.523 | 14.14 | 14.76 |  odo  |
| 18.548 | 14.14 | 14.76 |  odo  |
| 18.573 | 14.14 | 14.76 |  odo  |
| 18.583 | 13.98 | 14.47 | laser |
| 18.598 | 13.98 | 14.47 |  odo  |
| 18.619 | 13.99 | 14.77 |  gps  |
| 18.623 | 13.99 | 14.77 |  odo  |
| 18.648 | 13.99 | 14.77 |  odo  |
| 18.673 | 13.99 | 14.77 |  odo  |
| 18.698 | 13.99 | 14.77 |  odo  |
| 18.723 | 13.99 | 14.77 |  odo  |
| 18.748 | 13.99 | 14.77 |  odo  |
| 18.773 | 13.99 | 14.77 |  odo  |
| 18.797 | 14.00 | 14.81 | laser |
| 18.798 | 14.00 | 14.81 |  odo  |
| 18.819 | 14.01 | 15.05 |  gps  |
| 18.823 | 14.01 | 15.05 |  odo  |
| 18.848 | 14.01 | 15.05 |  odo  |
| 18.873 | 14.01 | 15.05 |  odo  |
| 18.898 | 14.01 | 15.05 |  odo  |
| 18.923 | 14.01 | 15.05 |  odo  |
| 18.948 | 14.01 | 15.05 |  odo  |
| 18.973 | 14.01 | 15.05 |  odo  |
| 18.998 | 14.01 | 15.05 |  odo  |
| 19.010 | 13.98 | 14.59 | laser |
| 19.020 | 13.99 | 14.83 |  gps  |
| 19.023 | 13.99 | 14.83 |  odo  |
| 19.048 | 13.99 | 14.83 |  odo  |
| 19.073 | 13.99 | 14.83 |  odo  |
| 19.098 | 13.99 | 14.83 |  odo  |
| 19.123 | 13.99 | 14.83 |  odo  |
| 19.148 | 13.99 | 14.83 |  odo  |
| 19.173 | 13.99 | 14.83 |  odo  |
| 19.198 | 13.99 | 14.83 |  odo  |
| 19.220 | 14.04 | 15.40 |  gps  |
| 19.223 | 14.04 | 15.40 |  odo  |
| 19.224 | 14.04 | 15.14 | laser |
| 19.248 | 14.04 | 15.14 |  odo  |
| 19.273 | 14.04 | 15.14 |  odo  |
| 19.298 | 14.04 | 15.14 |  odo  |
| 19.323 | 14.04 | 15.14 |  odo  |
| 19.348 | 14.04 | 15.14 |  odo  |
| 19.373 | 14.04 | 15.14 |  odo  |
| 19.398 | 14.04 | 15.14 |  odo  |
| 19.420 | 14.07 | 15.61 |  gps  |
| 19.423 | 14.07 | 15.61 |  odo  |
| 19.438 | 14.15 | 15.01 | laser |
| 19.448 | 14.15 | 15.01 |  odo  |
| 19.473 | 14.15 | 15.01 |  odo  |
| 19.498 | 14.15 | 15.01 |  odo  |
| 19.523 | 14.15 | 15.01 |  odo  |
| 19.548 | 14.15 | 15.01 |  odo  |
| 19.573 | 14.15 | 15.01 |  odo  |
| 19.598 | 14.15 | 15.01 |  odo  |
| 19.620 | 14.15 | 15.49 |  gps  |
| 19.623 | 14.15 | 15.49 |  odo  |
| 19.648 | 14.15 | 15.49 |  odo  |
| 19.651 | 14.26 | 15.23 | laser |
| 19.673 | 14.26 | 15.23 |  odo  |
| 19.698 | 14.26 | 15.23 |  odo  |
| 19.723 | 14.26 | 15.23 |  odo  |
| 19.748 | 14.26 | 15.23 |  odo  |
| 19.773 | 14.26 | 15.23 |  odo  |
| 19.798 | 14.26 | 15.23 |  odo  |
| 19.820 | 14.26 | 15.64 |  gps  |
| 19.823 | 14.26 | 15.64 |  odo  |
| 19.848 | 14.26 | 15.64 |  odo  |
| 19.865 | 14.49 | 15.55 | laser |
| 19.873 | 14.49 | 15.55 |  odo  |
| 19.898 | 14.49 | 15.55 |  odo  |
| 19.923 | 14.49 | 15.55 |  odo  |
| 19.948 | 14.49 | 15.55 |  odo  |
| 19.973 | 14.49 | 15.55 |  odo  |
| 19.998 | 14.49 | 15.55 |  odo  |
| 20.021 | 14.48 | 15.92 |  gps  |
| 20.023 | 14.48 | 15.92 |  odo  |
| 20.048 | 14.48 | 15.92 |  odo  |
| 20.073 | 14.48 | 15.92 |  odo  |
| 20.078 | 14.66 | 15.77 | laser |
| 20.098 | 14.66 | 15.77 |  odo  |
| 20.123 | 14.66 | 15.77 |  odo  |
| 20.148 | 14.66 | 15.77 |  odo  |
| 20.173 | 14.66 | 15.77 |  odo  |
| 20.198 | 14.66 | 15.77 |  odo  |
| 20.221 | 14.60 | 16.06 |  gps  |
| 20.223 | 14.60 | 16.06 |  odo  |
| 20.248 | 14.60 | 16.06 |  odo  |
| 20.273 | 14.60 | 16.06 |  odo  |
| 20.292 | 14.75 | 16.22 | laser |
| 20.298 | 14.75 | 16.22 |  odo  |
| 20.323 | 14.75 | 16.22 |  odo  |
| 20.348 | 14.75 | 16.22 |  odo  |
| 20.373 | 14.75 | 16.22 |  odo  |
| 20.398 | 14.75 | 16.22 |  odo  |
| 20.421 | 14.71 | 16.47 |  gps  |
| 20.423 | 14.71 | 16.47 |  odo  |
| 20.448 | 14.71 | 16.47 |  odo  |
| 20.473 | 14.71 | 16.47 |  odo  |
| 20.498 | 14.71 | 16.47 |  odo  |
| 20.506 | 14.78 | 16.35 | laser |
| 20.523 | 14.78 | 16.35 |  odo  |
| 20.548 | 14.78 | 16.35 |  odo  |
| 20.573 | 14.78 | 16.35 |  odo  |
| 20.598 | 14.78 | 16.35 |  odo  |
| 20.621 | 14.74 | 16.55 |  gps  |
| 20.623 | 14.74 | 16.55 |  odo  |
| 20.648 | 14.74 | 16.55 |  odo  |
| 20.673 | 14.74 | 16.55 |  odo  |
| 20.698 | 14.74 | 16.55 |  odo  |
| 20.719 | 14.79 | 16.39 | laser |
| 20.723 | 14.79 | 16.39 |  odo  |
| 20.748 | 14.79 | 16.39 |  odo  |
| 20.773 | 14.79 | 16.39 |  odo  |
| 20.798 | 14.79 | 16.39 |  odo  |
| 20.821 | 14.73 | 16.61 |  gps  |
| 20.823 | 14.73 | 16.61 |  odo  |
| 20.848 | 14.73 | 16.61 |  odo  |
| 20.873 | 14.73 | 16.61 |  odo  |
| 20.898 | 14.73 | 16.61 |  odo  |
| 20.923 | 14.73 | 16.61 |  odo  |
| 20.933 | 14.79 | 16.40 | laser |
| 20.948 | 14.79 | 16.40 |  odo  |
| 20.973 | 14.79 | 16.40 |  odo  |
| 20.998 | 14.79 | 16.40 |  odo  |
| 21.022 | 14.75 | 16.59 |  gps  |
| 21.023 | 14.75 | 16.59 |  odo  |
| 21.048 | 14.75 | 16.59 |  odo  |
| 21.073 | 14.75 | 16.59 |  odo  |
| 21.098 | 14.75 | 16.59 |  odo  |
| 21.123 | 14.75 | 16.59 |  odo  |
| 21.147 | 14.79 | 16.42 | laser |
| 21.148 | 14.79 | 16.42 |  odo  |
| 21.173 | 14.79 | 16.42 |  odo  |
| 21.198 | 14.79 | 16.42 |  odo  |
| 21.222 | 14.75 | 16.60 |  gps  |
| 21.223 | 14.75 | 16.60 |  odo  |
| 21.248 | 14.75 | 16.60 |  odo  |
| 21.273 | 14.75 | 16.60 |  odo  |
| 21.298 | 14.75 | 16.60 |  odo  |
| 21.323 | 14.75 | 16.60 |  odo  |
| 21.348 | 14.75 | 16.60 |  odo  |
| 21.361 | 14.83 | 16.40 | laser |
| 21.373 | 14.83 | 16.40 |  odo  |
| 21.398 | 14.83 | 16.40 |  odo  |
| 21.422 | 14.79 | 16.56 |  gps  |
| 21.423 | 14.79 | 16.56 |  odo  |
| 21.448 | 14.79 | 16.56 |  odo  |
| 21.473 | 14.79 | 16.56 |  odo  |
| 21.498 | 14.79 | 16.56 |  odo  |
| 21.523 | 14.79 | 16.56 |  odo  |
| 21.548 | 14.79 | 16.56 |  odo  |
| 21.573 | 14.79 | 16.56 |  odo  |
| 21.574 | 14.92 | 16.25 | laser |
| 21.598 | 14.92 | 16.25 |  odo  |
| 21.622 | 14.89 | 16.37 |  gps  |
| 21.623 | 14.89 | 16.37 |  odo  |
| 21.648 | 14.89 | 16.37 |  odo  |
| 21.673 | 14.89 | 16.37 |  odo  |
| 21.698 | 14.89 | 16.37 |  odo  |
| 21.723 | 14.89 | 16.37 |  odo  |
| 21.748 | 14.89 | 16.37 |  odo  |
| 21.773 | 14.89 | 16.37 |  odo  |
| 21.788 | 15.09 | 16.10 | laser |
| 21.798 | 15.09 | 16.10 |  odo  |
| 21.822 | 15.05 | 16.25 |  gps  |
| 21.823 | 15.05 | 16.25 |  odo  |
| 21.848 | 15.05 | 16.25 |  odo  |
| 21.873 | 15.05 | 16.25 |  odo  |
| 21.898 | 15.05 | 16.25 |  odo  |
| 21.923 | 15.05 | 16.25 |  odo  |
| 21.948 | 15.05 | 16.25 |  odo  |
| 21.973 | 15.05 | 16.25 |  odo  |
| 21.998 | 15.05 | 16.25 |  odo  |
| 22.001 | 15.15 | 16.05 | laser |
| 22.023 | 15.11 | 16.17 |  gps  |
| 22.023 | 15.11 | 16.17 |  odo  |
| 22.048 | 15.11 | 16.17 |  odo  |
| 22.073 | 15.11 | 16.17 |  odo  |
| 22.098 | 15.11 | 16.17 |  odo  |
| 22.123 | 15.11 | 16.17 |  odo  |
| 22.148 | 15.11 | 16.17 |  odo  |
| 22.173 | 15.11 | 16.17 |  odo  |
| 22.198 | 15.11 | 16.17 |  odo  |
| 22.215 | 15.15 | 16.05 | laser |
| 22.223 | 15.12 | 16.17 |  gps  |
| 22.223 | 15.12 | 16.17 |  odo  |
| 22.248 | 15.12 | 16.17 |  odo  |
| 22.273 | 15.12 | 16.17 |  odo  |
| 22.298 | 15.12 | 16.17 |  odo  |
| 22.323 | 15.12 | 16.17 |  odo  |
| 22.348 | 15.12 | 16.17 |  odo  |
| 22.373 | 15.12 | 16.17 |  odo  |
| 22.398 | 15.12 | 16.17 |  odo  |
| 22.423 | 15.00 | 16.50 |  gps  |
| 22.423 | 15.00 | 16.50 |  odo  |
| 22.428 | 15.19 | 16.13 | laser |
| 22.448 | 15.19 | 16.13 |  odo  |
| 22.473 | 15.19 | 16.13 |  odo  |
| 22.498 | 15.19 | 16.13 |  odo  |
| 22.523 | 15.19 | 16.13 |  odo  |
| 22.548 | 15.19 | 16.13 |  odo  |
| 22.573 | 15.19 | 16.13 |  odo  |
| 22.598 | 15.19 | 16.13 |  odo  |
| 22.623 | 15.06 | 16.44 |  gps  |
| 22.623 | 15.06 | 16.44 |  odo  |
| 22.642 | 15.10 | 15.84 | laser |
| 22.648 | 15.11 | 15.84 |  odo  |
| 22.673 | 15.11 | 15.85 |  odo  |
| 22.698 | 15.11 | 15.85 |  odo  |
| 22.723 | 15.11 | 15.85 |  odo  |
| 22.748 | 15.12 | 15.85 |  odo  |
| 22.773 | 15.12 | 15.86 |  odo  |
| 22.798 | 15.12 | 15.86 |  odo  |
| 22.823 | 15.00 | 16.24 |  gps  |
| 22.823 | 15.01 | 16.25 |  odo  |
| 22.848 | 15.01 | 16.25 |  odo  |
| 22.856 | 15.28 | 16.09 | laser |
| 22.873 | 15.28 | 16.10 |  odo  |
| 22.898 | 15.29 | 16.10 |  odo  |
| 22.923 | 15.29 | 16.11 |  odo  |
| 22.948 | 15.30 | 16.12 |  odo  |
| 22.973 | 15.31 | 16.12 |  odo  |
| 22.998 | 15.31 | 16.13 |  odo  |
| 23.023 | 15.32 | 16.14 |  odo  |
| 23.024 | 15.19 | 16.46 |  gps  |
| 23.048 | 15.20 | 16.46 |  odo  |
| 23.069 | 15.30 | 15.90 | laser |
| 23.073 | 15.31 | 15.91 |  odo  |
| 23.098 | 15.32 | 15.92 |  odo  |
| 23.123 | 15.33 | 15.93 |  odo  |
| 23.148 | 15.34 | 15.94 |  odo  |
| 23.173 | 15.35 | 15.95 |  odo  |
| 23.198 | 15.36 | 15.96 |  odo  |
| 23.223 | 15.37 | 15.97 |  odo  |
| 23.224 | 15.24 | 16.30 |  gps  |
| 23.248 | 15.25 | 16.31 |  odo  |
| 23.273 | 15.26 | 16.32 |  odo  |
| 23.283 | 15.36 | 15.83 | laser |
| 23.298 | 15.37 | 15.84 |  odo  |
| 23.323 | 15.38 | 15.85 |  odo  |
| 23.348 | 15.39 | 15.86 |  odo  |
| 23.373 | 15.41 | 15.88 |  odo  |
| 23.398 | 15.42 | 15.89 |  odo  |
| 23.423 | 15.43 | 15.90 |  odo  |
| 23.424 | 15.30 | 16.26 |  gps  |
| 23.448 | 15.31 | 16.28 |  odo  |
| 23.473 | 15.33 | 16.29 |  odo  |
| 23.497 | 15.83 | 16.15 | laser |
| 23.498 | 15.85 | 16.16 |  odo  |
| 23.523 | 15.86 | 16.17 |  odo  |
| 23.548 | 15.88 | 16.19 |  odo  |
| 23.573 | 15.90 | 16.20 |  odo  |
| 23.598 | 15.91 | 16.22 |  odo  |
| 23.623 | 15.93 | 16.23 |  odo  |
| 23.624 | 15.77 | 16.53 |  gps  |
| 23.648 | 15.79 | 16.55 |  odo  |
| 23.673 | 15.81 | 16.56 |  odo  |
| 23.698 | 15.83 | 16.58 |  odo  |
| 23.711 | 16.15 | 16.31 | laser |
| 23.723 | 16.17 | 16.33 |  odo  |
| 23.748 | 16.19 | 16.34 |  odo  |
| 23.773 | 16.21 | 16.36 |  odo  |
| 23.798 | 16.24 | 16.38 |  odo  |
| 23.823 | 16.26 | 16.39 |  odo  |
| 23.824 | 16.09 | 16.67 |  gps  |
| 23.848 | 16.11 | 16.69 |  odo  |
| 23.873 | 16.14 | 16.71 |  odo  |
| 23.898 | 16.16 | 16.73 |  odo  |
| 23.923 | 16.19 | 16.75 |  odo  |
| 23.924 | 16.29 | 16.43 | laser |
| 23.948 | 16.32 | 16.45 |  odo  |
| 23.973 | 16.34 | 16.47 |  odo  |
| 23.998 | 16.37 | 16.48 |  odo  |
| 24.023 | 16.40 | 16.50 |  odo  |
| 24.025 | 16.25 | 16.77 |  gps  |
| 24.048 | 16.28 | 16.79 |  odo  |
| 24.073 | 16.31 | 16.81 |  odo  |
| 24.098 | 16.34 | 16.83 |  odo  |
| 24.123 | 16.38 | 16.85 |  odo  |
| 24.138 | 16.54 | 16.85 | laser |
| 24.148 | 16.57 | 16.87 |  odo  |
| 24.173 | 16.60 | 16.89 |  odo  |
| 24.198 | 16.64 | 16.91 |  odo  |
| 24.223 | 16.67 | 16.93 |  odo  |
| 24.225 | 16.51 | 17.18 |  gps  |
| 24.248 | 16.54 | 17.20 |  odo  |
| 24.273 | 16.58 | 17.23 |  odo  |
| 24.298 | 16.61 | 17.25 |  odo  |
| 24.323 | 16.65 | 17.27 |  odo  |
| 24.348 | 16.69 | 17.30 |  odo  |
| 24.352 | 16.68 | 17.02 | laser |
| 24.373 | 16.71 | 17.05 |  odo  |
| 24.398 | 16.75 | 17.07 |  odo  |
| 24.423 | 16.78 | 17.10 |  odo  |
| 24.425 | 16.66 | 17.31 |  gps  |
| 24.448 | 16.70 | 17.34 |  odo  |
| 24.473 | 16.73 | 17.36 |  odo  |
| 24.498 | 16.77 | 17.39 |  odo  |
| 24.523 | 16.81 | 17.42 |  odo  |
| 24.548 | 16.85 | 17.46 |  odo  |
| 24.565 | 16.97 | 17.56 | laser |
| 24.573 | 17.01 | 17.59 |  odo  |
| 24.598 | 17.05 | 17.62 |  odo  |
| 24.623 | 17.09 | 17.66 |  odo  |
| 24.625 | 16.95 | 17.84 |  gps  |
| 24.648 | 16.99 | 17.87 |  odo  |
| 24.673 | 17.03 | 17.91 |  odo  |
| 24.698 | 17.08 | 17.94 |  odo  |
| 24.723 | 17.12 | 17.97 |  odo  |
| 24.748 | 17.16 | 18.01 |  odo  |
| 24.773 | 17.20 | 18.04 |  odo  |
| 24.779 | 16.64 | 18.51 | laser |
| 24.798 | 16.69 | 18.54 |  odo  |
| 24.823 | 16.74 | 18.57 |  odo  |
| 24.825 | 16.66 | 18.67 |  gps  |
| 24.848 | 16.70 | 18.71 |  odo  |
| 24.873 | 16.75 | 18.74 |  odo  |
| 24.898 | 16.80 | 18.78 |  odo  |
| 24.923 | 16.84 | 18.81 |  odo  |
| 24.948 | 16.89 | 18.85 |  odo  |
| 24.973 | 16.94 | 18.88 |  odo  |
| 24.992 | 16.85 | 19.14 | laser |
| 24.998 | 16.90 | 19.17 |  odo  |
| 25.023 | 16.95 | 19.21 |  odo  |
| 25.026 | 17.10 | 19.13 |  gps  |
| 25.048 | 17.15 | 19.16 |  odo  |
| 25.073 | 17.20 | 19.20 |  odo  |
| 25.098 | 17.25 | 19.24 |  odo  |
| 25.123 | 17.30 | 19.27 |  odo  |
| 25.148 | 17.36 | 19.31 |  odo  |
| 25.173 | 17.41 | 19.35 |  odo  |
| 25.198 | 17.46 | 19.39 |  odo  |
| 25.206 | 17.41 | 19.21 | laser |
| 25.223 | 17.46 | 19.25 |  odo  |
| 25.248 | 17.51 | 19.29 |  odo  |
| 25.273 | 17.57 | 19.33 |  odo  |
| 25.298 | 17.62 | 19.37 |  odo  |
| 25.323 | 17.67 | 19.42 |  odo  |
| 25.348 | 17.73 | 19.46 |  odo  |
| 25.373 | 17.78 | 19.50 |  odo  |
| 25.398 | 17.84 | 19.54 |  odo  |
| 25.419 | 17.68 | 19.52 | laser |
| 25.423 | 17.74 | 19.56 |  odo  |
| 25.448 | 17.79 | 19.60 |  odo  |
| 25.473 | 17.85 | 19.64 |  odo  |
| 25.498 | 17.91 | 19.68 |  odo  |
| 25.523 | 17.96 | 19.73 |  odo  |
| 25.548 | 18.02 | 19.77 |  odo  |
| 25.573 | 18.08 | 19.81 |  odo  |
| 25.598 | 18.14 | 19.85 |  odo  |
| 25.623 | 18.20 | 19.90 |  odo  |
| 25.633 | 18.21 | 19.85 | laser |
| 25.648 | 18.26 | 19.90 |  odo  |
| 25.673 | 18.32 | 19.94 |  odo  |
| 25.698 | 18.38 | 19.98 |  odo  |
| 25.723 | 18.44 | 20.03 |  odo  |
| 25.748 | 18.50 | 20.07 |  odo  |
| 25.773 | 18.56 | 20.11 |  odo  |
| 25.798 | 18.61 | 20.16 |  odo  |
| 25.823 | 18.67 | 20.20 |  odo  |
| 25.847 | 18.67 | 20.16 | laser |
| 25.848 | 18.73 | 20.21 |  odo  |
| 25.873 | 18.79 | 20.25 |  odo  |
| 25.898 | 18.85 | 20.30 |  odo  |
| 25.923 | 18.91 | 20.34 |  odo  |
| 25.948 | 18.97 | 20.39 |  odo  |
| 25.973 | 19.03 | 20.43 |  odo  |
| 25.998 | 19.09 | 20.48 |  odo  |
| 26.023 | 19.14 | 20.53 |  odo  |
| 26.048 | 19.21 | 20.57 |  odo  |
| 26.060 | 19.34 | 20.67 | laser |
| 26.073 | 19.40 | 20.71 |  odo  |
| 26.098 | 19.46 | 20.76 |  odo  |
| 26.123 | 19.52 | 20.81 |  odo  |
| 26.148 | 19.57 | 20.86 |  odo  |
| 26.173 | 19.63 | 20.90 |  odo  |
| 26.198 | 19.69 | 20.95 |  odo  |
| 26.223 | 19.75 | 21.00 |  odo  |
| 26.248 | 19.81 | 21.04 |  odo  |
| 26.273 | 19.87 | 21.09 |  odo  |
| 26.274 | 19.93 | 21.01 | laser |
| 26.298 | 19.99 | 21.06 |  odo  |
| 26.323 | 20.05 | 21.11 |  odo  |
| 26.348 | 20.11 | 21.16 |  odo  |
| 26.373 | 20.16 | 21.21 |  odo  |
| 26.398 | 20.22 | 21.26 |  odo  |
| 26.423 | 20.28 | 21.31 |  odo  |
| 26.448 | 20.34 | 21.36 |  odo  |
| 26.473 | 20.40 | 21.41 |  odo  |
| 26.487 | 20.44 | 21.46 | laser |
| 26.498 | 20.50 | 21.51 |  odo  |
| 26.523 | 20.56 | 21.56 |  odo  |
| 26.548 | 20.62 | 21.61 |  odo  |
| 26.573 | 20.68 | 21.66 |  odo  |
| 26.598 | 20.74 | 21.71 |  odo  |
| 26.623 | 20.80 | 21.76 |  odo  |
| 26.648 | 20.86 | 21.81 |  odo  |
| 26.673 | 20.92 | 21.86 |  odo  |
| 26.698 | 20.98 | 21.91 |  odo  |
| 26.701 | 21.10 | 21.95 | laser |
| 26.723 | 21.17 | 22.00 |  odo  |
| 26.748 | 21.23 | 22.04 |  odo  |
| 26.773 | 21.29 | 22.09 |  odo  |
| 26.798 | 21.35 | 22.14 |  odo  |
| 26.823 | 21.42 | 22.18 |  odo  |
| 26.848 | 21.48 | 22.23 |  odo  |
| 26.873 | 21.54 | 22.28 |  odo  |
| 26.898 | 21.61 | 22.32 |  odo  |
| 26.915 | 21.64 | 22.36 | laser |
| 26.923 | 21.70 | 22.41 |  odo  |
| 26.948 | 21.77 | 22.46 |  odo  |
| 26.973 | 21.83 | 22.51 |  odo  |
| 26.998 | 21.89 | 22.56 |  odo  |
| 27.023 | 21.95 | 22.61 |  odo  |
| 27.048 | 22.01 | 22.66 |  odo  |
| 27.073 | 22.08 | 22.71 |  odo  |
| 27.098 | 22.14 | 22.76 |  odo  |
| 27.123 | 22.20 | 22.81 |  odo  |
| 27.129 | 22.12 | 22.62 | laser |
| 27.148 | 22.18 | 22.66 |  odo  |
| 27.173 | 22.25 | 22.71 |  odo  |
| 27.198 | 22.31 | 22.76 |  odo  |
| 27.223 | 22.37 | 22.81 |  odo  |
| 27.248 | 22.43 | 22.86 |  odo  |
| 27.273 | 22.50 | 22.91 |  odo  |
| 27.298 | 22.56 | 22.96 |  odo  |
| 27.323 | 22.62 | 23.02 |  odo  |
| 27.342 | 22.47 | 23.09 | laser |
| 27.348 | 22.53 | 23.15 |  odo  |
| 27.373 | 22.59 | 23.20 |  odo  |
| 27.398 | 22.65 | 23.26 |  odo  |
| 27.423 | 22.72 | 23.31 |  odo  |
| 27.448 | 22.78 | 23.37 |  odo  |
| 27.473 | 22.84 | 23.42 |  odo  |
| 27.498 | 22.90 | 23.48 |  odo  |
| 27.523 | 22.97 | 23.53 |  odo  |
| 27.548 | 23.03 | 23.58 |  odo  |
| 27.555 | 23.04 | 23.42 | laser |
| 27.573 | 23.10 | 23.47 |  odo  |
| 27.598 | 23.17 | 23.52 |  odo  |
| 27.623 | 23.23 | 23.57 |  odo  |
| 27.648 | 23.30 | 23.62 |  odo  |
| 27.673 | 23.36 | 23.68 |  odo  |
| 27.698 | 23.43 | 23.73 |  odo  |
| 27.723 | 23.50 | 23.78 |  odo  |
| 27.748 | 23.57 | 23.83 |  odo  |
| 27.769 | 23.50 | 23.50 | laser |
| 27.773 | 23.57 | 23.55 |  odo  |
| 27.798 | 23.64 | 23.60 |  odo  |
| 27.823 | 23.71 | 23.65 |  odo  |
| 27.848 | 23.78 | 23.69 |  odo  |
| 27.873 | 23.86 | 23.74 |  odo  |
| 27.898 | 23.93 | 23.79 |  odo  |
| 27.923 | 24.00 | 23.83 |  odo  |
| 27.948 | 24.08 | 23.88 |  odo  |
| 27.973 | 24.15 | 23.92 |  odo  |
| 27.983 | 24.08 | 23.88 | laser |
| 27.998 | 24.15 | 23.92 |  odo  |
| 28.023 | 24.23 | 23.97 |  odo  |
| 28.048 | 24.30 | 24.01 |  odo  |
| 28.073 | 24.38 | 24.05 |  odo  |
| 28.098 | 24.45 | 24.10 |  odo  |
| 28.123 | 24.53 | 24.14 |  odo  |
| 28.148 | 24.61 | 24.18 |  odo  |
| 28.173 | 24.69 | 24.22 |  odo  |
| 28.196 | 24.65 | 24.58 | laser |
| 28.198 | 24.73 | 24.63 |  odo  |
| 28.223 | 24.81 | 24.67 |  odo  |
| 28.248 | 24.89 | 24.71 |  odo  |
| 28.273 | 24.97 | 24.75 |  odo  |
| 28.298 | 25.05 | 24.80 |  odo  |
| 28.323 | 25.13 | 24.83 |  odo  |
| 28.348 | 25.21 | 24.87 |  odo  |
| 28.373 | 25.29 | 24.91 |  odo  |
| 28.398 | 25.37 | 24.95 |  odo  |
| 28.410 | 25.55 | 25.20 | laser |
| 28.423 | 25.63 | 25.25 |  odo  |
| 28.448 | 25.71 | 25.29 |  odo  |
| 28.473 | 25.79 | 25.33 |  odo  |
| 28.498 | 25.87 | 25.37 |  odo  |
| 28.523 | 25.96 | 25.41 |  odo  |
| 28.548 | 26.04 | 25.45 |  odo  |
| 28.573 | 26.12 | 25.49 |  odo  |
| 28.598 | 26.21 | 25.52 |  odo  |
| 28.623 | 26.29 | 25.56 |  odo  |
| 28.624 | 26.32 | 25.76 | laser |
| 28.648 | 26.41 | 25.79 |  odo  |
| 28.673 | 26.50 | 25.82 |  odo  |
| 28.698 | 26.59 | 25.85 |  odo  |
| 28.723 | 26.67 | 25.88 |  odo  |
| 28.748 | 26.76 | 25.91 |  odo  |
| 28.773 | 26.85 | 25.94 |  odo  |
| 28.798 | 26.94 | 25.96 |  odo  |
| 28.823 | 27.03 | 25.99 |  odo  |
| 28.837 | 26.94 | 25.96 | laser |
| 28.848 | 27.03 | 25.98 |  odo  |
| 28.873 | 27.12 | 26.00 |  odo  |
| 28.898 | 27.21 | 26.02 |  odo  |
| 28.923 | 27.30 | 26.04 |  odo  |
| 28.948 | 27.39 | 26.06 |  odo  |
| 28.973 | 27.48 | 26.08 |  odo  |
| 28.998 | 27.58 | 26.10 |  odo  |
| 29.023 | 27.67 | 26.11 |  odo  |
| 29.048 | 27.76 | 26.13 |  odo  |
| 29.051 | 27.83 | 25.94 | laser |
| 29.073 | 27.92 | 25.95 |  odo  |
| 29.098 | 28.02 | 25.96 |  odo  |
| 29.123 | 28.11 | 25.97 |  odo  |
| 29.148 | 28.21 | 25.97 |  odo  |
| 29.173 | 28.30 | 25.98 |  odo  |
| 29.198 | 28.39 | 25.98 |  odo  |
| 29.223 | 28.49 | 25.99 |  odo  |
| 29.248 | 28.58 | 25.99 |  odo  |
| 29.264 | 28.54 | 25.23 | laser |
| 29.273 | 28.64 | 25.22 |  odo  |
| 29.298 | 28.73 | 25.22 |  odo  |
| 29.323 | 28.82 | 25.22 |  odo  |
| 29.348 | 28.92 | 25.21 |  odo  |
| 29.373 | 29.01 | 25.20 |  odo  |
| 29.398 | 29.11 | 25.20 |  odo  |
| 29.423 | 29.20 | 25.19 |  odo  |
| 29.448 | 29.29 | 25.18 |  odo  |
| 29.473 | 29.39 | 25.17 |  odo  |
| 29.478 | 29.44 | 25.11 | laser |
| 29.498 | 29.53 | 25.10 |  odo  |
| 29.523 | 29.63 | 25.09 |  odo  |
| 29.548 | 29.72 | 25.08 |  odo  |
| 29.573 | 29.81 | 25.07 |  odo  |
| 29.598 | 29.91 | 25.05 |  odo  |
| 29.623 | 30.00 | 25.04 |  odo  |
| 29.648 | 30.09 | 25.03 |  odo  |
| 29.673 | 30.18 | 25.01 |  odo  |
| 29.692 | 29.72 | 25.15 | laser |
| 29.698 | 29.81 | 25.13 |  odo  |
| 29.723 | 29.90 | 25.11 |  odo  |
| 29.748 | 29.99 | 25.09 |  odo  |
| 29.773 | 30.08 | 25.07 |  odo  |
| 29.798 | 30.17 | 25.05 |  odo  |
| 29.823 | 30.26 | 25.03 |  odo  |
| 29.848 | 30.35 | 25.00 |  odo  |
| 29.873 | 30.45 | 24.98 |  odo  |
| 29.898 | 30.54 | 24.96 |  odo  |
| 29.906 | 30.41 | 25.13 | laser |
| 29.923 | 30.50 | 25.11 |  odo  |
| 29.948 | 30.59 | 25.08 |  odo  |
| 29.973 | 30.68 | 25.06 |  odo  |
| 29.998 | 30.77 | 25.04 |  odo  |
| 30.023 | 30.86 | 25.01 |  odo  |
| 30.048 | 30.95 | 24.99 |  odo  |
| 30.073 | 31.04 | 24.96 |  odo  |
| 30.098 | 31.13 | 24.94 |  odo  |
| 30.119 | 31.09 | 25.27 | laser |
| 30.123 | 31.18 | 25.24 |  odo  |
| 30.148 | 31.27 | 25.22 |  odo  |
| 30.173 | 31.35 | 25.19 |  odo  |
| 30.198 | 31.44 | 25.16 |  odo  |
| 30.223 | 31.53 | 25.13 |  odo  |
| 30.248 | 31.62 | 25.11 |  odo  |
| 30.273 | 31.70 | 25.08 |  odo  |
| 30.298 | 31.79 | 25.05 |  odo  |
| 30.323 | 31.88 | 25.02 |  odo  |
| 30.333 | 32.37 | 24.21 | laser |
| 30.348 | 32.46 | 24.18 |  odo  |
| 30.373 | 32.55 | 24.16 |  odo  |
| 30.398 | 32.63 | 24.13 |  odo  |
| 30.423 | 32.72 | 24.11 |  odo  |
| 30.448 | 32.81 | 24.08 |  odo  |
| 30.473 | 32.89 | 24.05 |  odo  |
| 30.498 | 32.98 | 24.02 |  odo  |
| 30.523 | 33.06 | 23.99 |  odo  |
| 30.546 | 33.77 | 24.06 | laser |
| 30.548 | 33.86 | 24.04 |  odo  |
| 30.573 | 33.95 | 24.03 |  odo  |
| 30.598 | 34.03 | 24.01 |  odo  |
| 30.623 | 34.12 | 24.00 |  odo  |
| 30.648 | 34.21 | 23.98 |  odo  |
| 30.673 | 34.30 | 23.96 |  odo  |
| 30.698 | 34.39 | 23.95 |  odo  |
| 30.723 | 34.48 | 23.93 |  odo  |
| 30.748 | 34.57 | 23.91 |  odo  |
| 30.760 | 34.47 | 23.39 | laser |
| 30.773 | 34.55 | 23.37 |  odo  |
| 30.798 | 34.64 | 23.36 |  odo  |
| 30.823 | 34.73 | 23.34 |  odo  |
| 30.848 | 34.82 | 23.32 |  odo  |
| 30.873 | 34.91 | 23.31 |  odo  |
| 30.898 | 35.00 | 23.29 |  odo  |
| 30.923 | 35.08 | 23.27 |  odo  |
| 30.948 | 35.17 | 23.25 |  odo  |
| 30.973 | 35.26 | 23.24 |  odo  |
| 30.974 | 35.75 | 22.93 | laser |
| 30.998 | 35.84 | 22.91 |  odo  |
| 31.023 | 35.93 | 22.90 |  odo  |
| 31.048 | 36.01 | 22.88 |  odo  |
| 31.073 | 36.10 | 22.86 |  odo  |
| 31.098 | 36.19 | 22.84 |  odo  |
| 31.123 | 36.28 | 22.82 |  odo  |
| 31.148 | 36.36 | 22.80 |  odo  |
| 31.173 | 36.45 | 22.78 |  odo  |
| 31.187 | 37.08 | 22.68 | laser |
| 31.198 | 37.17 | 22.67 |  odo  |
| 31.223 | 37.26 | 22.65 |  odo  |
| 31.248 | 37.35 | 22.64 |  odo  |
| 31.273 | 37.44 | 22.62 |  odo  |
| 31.298 | 37.52 | 22.61 |  odo  |
| 31.323 | 37.61 | 22.59 |  odo  |
| 31.348 | 37.70 | 22.57 |  odo  |
| 31.373 | 37.79 | 22.55 |  odo  |
| 31.398 | 37.87 | 22.53 |  odo  |
| 31.401 | 37.68 | 22.31 | laser |
| 31.423 | 37.77 | 22.29 |  odo  |
| 31.448 | 37.86 | 22.27 |  odo  |
| 31.473 | 37.95 | 22.25 |  odo  |
| 31.498 | 38.03 | 22.22 |  odo  |
| 31.523 | 38.12 | 22.20 |  odo  |
| 31.548 | 38.21 | 22.18 |  odo  |
| 31.573 | 38.29 | 22.16 |  odo  |
| 31.598 | 38.38 | 22.14 |  odo  |
| 31.614 | 38.29 | 21.98 | laser |
| 31.623 | 38.38 | 21.96 |  odo  |
| 31.648 | 38.47 | 21.94 |  odo  |
| 31.673 | 38.55 | 21.92 |  odo  |
| 31.698 | 38.64 | 21.90 |  odo  |
| 31.723 | 38.72 | 21.88 |  odo  |
| 31.748 | 38.81 | 21.86 |  odo  |
| 31.773 | 38.89 | 21.84 |  odo  |
| 31.798 | 38.98 | 21.82 |  odo  |
| 31.823 | 39.06 | 21.80 |  odo  |
| 31.828 | 38.79 | 21.90 | laser |
| 31.848 | 38.87 | 21.88 |  odo  |
| 31.873 | 38.96 | 21.86 |  odo  |
| 31.898 | 39.04 | 21.84 |  odo  |
| 31.923 | 39.13 | 21.82 |  odo  |
| 31.948 | 39.21 | 21.80 |  odo  |
| 31.973 | 39.30 | 21.78 |  odo  |
| 31.998 | 39.38 | 21.77 |  odo  |
| 32.023 | 39.47 | 21.75 |  odo  |
| 32.042 | 38.93 | 22.00 | laser |
| 32.048 | 39.02 | 21.99 |  odo  |
| 32.073 | 39.10 | 21.97 |  odo  |
| 32.098 | 39.19 | 21.95 |  odo  |
| 32.123 | 39.28 | 21.94 |  odo  |
| 32.148 | 39.36 | 21.92 |  odo  |
| 32.173 | 39.44 | 21.90 |  odo  |
| 32.198 | 39.53 | 21.89 |  odo  |
| 32.223 | 39.61 | 21.87 |  odo  |
| 32.248 | 39.69 | 21.85 |  odo  |
| 32.255 | 38.91 | 21.54 | laser |
| 32.273 | 39.00 | 21.52 |  odo  |
| 32.298 | 39.08 | 21.50 |  odo  |
| 32.323 | 39.16 | 21.48 |  odo  |
| 32.348 | 39.25 | 21.46 |  odo  |
| 32.373 | 39.33 | 21.44 |  odo  |
| 32.398 | 39.41 | 21.42 |  odo  |
| 32.423 | 39.49 | 21.40 |  odo  |
| 32.448 | 39.58 | 21.38 |  odo  |
| 32.470 | 40.08 | 21.57 | laser |
| 32.473 | 40.16 | 21.55 |  odo  |
| 32.498 | 40.24 | 21.54 |  odo  |
| 32.523 | 40.33 | 21.52 |  odo  |
| 32.548 | 40.41 | 21.50 |  odo  |
| 32.573 | 40.50 | 21.49 |  odo  |
| 32.598 | 40.58 | 21.47 |  odo  |
| 32.623 | 40.66 | 21.45 |  odo  |
| 32.648 | 40.74 | 21.44 |  odo  |
| 32.673 | 40.83 | 21.42 |  odo  |
| 32.683 | 40.47 | 20.95 | laser |
| 32.698 | 40.55 | 20.93 |  odo  |
| 32.723 | 40.63 | 20.91 |  odo  |
| 32.748 | 40.72 | 20.89 |  odo  |
| 32.773 | 40.80 | 20.87 |  odo  |
| 32.798 | 40.88 | 20.85 |  odo  |
| 32.823 | 40.96 | 20.83 |  odo  |
| 32.848 | 41.04 | 20.81 |  odo  |
| 32.873 | 41.12 | 20.79 |  odo  |
| 32.896 | 40.85 | 20.81 | laser |
| 32.898 | 40.94 | 20.79 |  odo  |
| 32.923 | 41.02 | 20.77 |  odo  |
| 32.948 | 41.10 | 20.74 |  odo  |
| 32.973 | 41.18 | 20.72 |  odo  |
| 32.998 | 41.26 | 20.70 |  odo  |
| 33.023 | 41.34 | 20.68 |  odo  |
| 33.048 | 41.42 | 20.66 |  odo  |
| 33.073 | 41.50 | 20.64 |  odo  |
| 33.098 | 41.58 | 20.61 |  odo  |
| 33.110 | 41.68 | 21.12 | laser |
| 33.123 | 41.76 | 21.09 |  odo  |
| 33.148 | 41.84 | 21.07 |  odo  |
| 33.173 | 41.92 | 21.04 |  odo  |
| 33.198 | 42.00 | 21.01 |  odo  |
| 33.223 | 42.07 | 20.98 |  odo  |
| 33.248 | 42.15 | 20.95 |  odo  |
| 33.273 | 42.23 | 20.92 |  odo  |
| 33.298 | 42.31 | 20.90 |  odo  |
| 33.323 | 42.38 | 20.87 |  odo  |
| 33.324 | 42.41 | 20.73 | laser |
| 33.348 | 42.49 | 20.70 |  odo  |
| 33.373 | 42.57 | 20.67 |  odo  |
| 33.398 | 42.65 | 20.65 |  odo  |
| 33.423 | 42.72 | 20.62 |  odo  |
| 33.448 | 42.80 | 20.59 |  odo  |
| 33.473 | 42.88 | 20.57 |  odo  |
| 33.498 | 42.96 | 20.54 |  odo  |
| 33.523 | 43.04 | 20.51 |  odo  |
| 33.537 | 43.21 | 20.54 | laser |
| 33.548 | 43.28 | 20.51 |  odo  |
| 33.573 | 43.36 | 20.48 |  odo  |
| 33.598 | 43.44 | 20.45 |  odo  |
| 33.623 | 43.51 | 20.42 |  odo  |
| 33.648 | 43.59 | 20.39 |  odo  |
| 33.673 | 43.67 | 20.36 |  odo  |
| 33.698 | 43.74 | 20.33 |  odo  |
| 33.723 | 43.82 | 20.30 |  odo  |
| 33.748 | 43.89 | 20.27 |  odo  |
| 33.751 | 43.42 | 20.36 | laser |
| 33.773 | 43.50 | 20.34 |  odo  |
| 33.798 | 43.58 | 20.31 |  odo  |
| 33.823 | 43.66 | 20.29 |  odo  |
| 33.848 | 43.74 | 20.27 |  odo  |
| 33.873 | 43.81 | 20.24 |  odo  |
| 33.898 | 43.89 | 20.22 |  odo  |
| 33.923 | 43.97 | 20.20 |  odo  |
| 33.948 | 44.04 | 20.17 |  odo  |
| 33.965 | 44.45 | 20.21 | laser |
| 33.973 | 44.52 | 20.17 |  odo  |
| 33.998 | 44.59 | 20.13 |  odo  |
| 34.023 | 44.66 | 20.10 |  odo  |
| 34.048 | 44.73 | 20.06 |  odo  |
| 34.073 | 44.80 | 20.02 |  odo  |
| 34.098 | 44.87 | 19.98 |  odo  |
| 34.123 | 44.94 | 19.94 |  odo  |
| 34.148 | 45.02 | 19.90 |  odo  |
| 34.173 | 45.09 | 19.87 |  odo  |
| 34.178 | 45.02 | 19.92 | laser |
| 34.198 | 45.09 | 19.89 |  odo  |
| 34.223 | 45.17 | 19.87 |  odo  |
| 34.248 | 45.25 | 19.84 |  odo  |
| 34.273 | 45.33 | 19.82 |  odo  |
| 34.298 | 45.40 | 19.79 |  odo  |
| 34.323 | 45.48 | 19.77 |  odo  |
| 34.348 | 45.56 | 19.75 |  odo  |
| 34.373 | 45.63 | 19.72 |  odo  |
| 34.392 | 44.87 | 19.53 | laser |
| 34.398 | 44.95 | 19.50 |  odo  |
| 34.423 | 45.03 | 19.48 |  odo  |
| 34.448 | 45.10 | 19.45 |  odo  |
| 34.473 | 45.18 | 19.43 |  odo  |
| 34.498 | 45.25 | 19.40 |  odo  |
| 34.523 | 45.33 | 19.38 |  odo  |
| 34.548 | 45.40 | 19.35 |  odo  |
| 34.573 | 45.48 | 19.33 |  odo  |
| 34.598 | 45.55 | 19.30 |  odo  |
| 34.605 | 45.86 | 19.40 | laser |
| 34.623 | 45.93 | 19.38 |  odo  |
| 34.648 | 46.01 | 19.36 |  odo  |
| 34.673 | 46.08 | 19.33 |  odo  |
| 34.698 | 46.16 | 19.31 |  odo  |
| 34.723 | 46.24 | 19.29 |  odo  |
| 34.748 | 46.31 | 19.27 |  odo  |
| 34.773 | 46.39 | 19.25 |  odo  |
| 34.798 | 46.46 | 19.23 |  odo  |
| 34.819 | 46.74 | 19.30 | laser |
| 34.823 | 46.82 | 19.28 |  odo  |
| 34.848 | 46.90 | 19.26 |  odo  |
| 34.873 | 46.97 | 19.24 |  odo  |
| 34.898 | 47.05 | 19.22 |  odo  |
| 34.923 | 47.12 | 19.20 |  odo  |
| 34.948 | 47.20 | 19.18 |  odo  |
| 34.973 | 47.27 | 19.17 |  odo  |
| 34.998 | 47.35 | 19.15 |  odo  |
| 35.023 | 47.42 | 19.13 |  odo  |
| 35.033 | 47.53 | 19.16 | laser |
| 35.048 | 47.61 | 19.14 |  odo  |
| 35.073 | 47.68 | 19.13 |  odo  |
| 35.098 | 47.75 | 19.11 |  odo  |
| 35.123 | 47.83 | 19.10 |  odo  |
| 35.148 | 47.90 | 19.08 |  odo  |
| 35.173 | 47.97 | 19.07 |  odo  |
| 35.198 | 48.05 | 19.05 |  odo  |
| 35.223 | 48.12 | 19.03 |  odo  |
| 35.247 | 48.08 | 18.97 | laser |
| 35.248 | 48.15 | 18.95 |  odo  |
| 35.273 | 48.22 | 18.92 |  odo  |
| 35.298 | 48.29 | 18.90 |  odo  |
| 35.323 | 48.36 | 18.88 |  odo  |
| 35.348 | 48.43 | 18.85 |  odo  |
| 35.373 | 48.50 | 18.83 |  odo  |
| 35.398 | 48.56 | 18.80 |  odo  |
| 35.423 | 48.63 | 18.78 |  odo  |
| 35.448 | 48.70 | 18.76 |  odo  |
| 35.460 | 49.16 | 18.37 | laser |
| 35.473 | 49.23 | 18.36 |  odo  |
| 35.498 | 49.30 | 18.34 |  odo  |
| 35.523 | 49.37 | 18.32 |  odo  |
| 35.548 | 49.44 | 18.31 |  odo  |
| 35.573 | 49.51 | 18.29 |  odo  |
| 35.598 | 49.58 | 18.27 |  odo  |
| 35.623 | 49.64 | 18.25 |  odo  |
| 35.648 | 49.71 | 18.23 |  odo  |
| 35.673 | 49.78 | 18.21 |  odo  |
| 35.674 | 50.05 | 18.26 | laser |
| 35.698 | 50.12 | 18.23 |  odo  |
| 35.723 | 50.19 | 18.21 |  odo  |
| 35.748 | 50.25 | 18.18 |  odo  |
| 35.773 | 50.32 | 18.16 |  odo  |
| 35.798 | 50.38 | 18.13 |  odo  |
| 35.823 | 50.44 | 18.11 |  odo  |
| 35.848 | 50.51 | 18.08 |  odo  |
| 35.873 | 50.57 | 18.05 |  odo  |
| 35.887 | 50.37 | 18.33 | laser |
| 35.898 | 50.43 | 18.29 |  odo  |
| 35.923 | 50.49 | 18.26 |  odo  |
| 35.948 | 50.55 | 18.22 |  odo  |
| 35.973 | 50.61 | 18.19 |  odo  |
| 35.998 | 50.67 | 18.15 |  odo  |
| 36.023 | 50.73 | 18.12 |  odo  |
| 36.048 | 50.78 | 18.08 |  odo  |
| 36.073 | 50.84 | 18.04 |  odo  |
| 36.098 | 50.90 | 18.00 |  odo  |
| 36.101 | 51.14 | 17.68 | laser |
| 36.123 | 51.20 | 17.65 |  odo  |
| 36.148 | 51.26 | 17.61 |  odo  |
| 36.173 | 51.32 | 17.58 |  odo  |
| 36.198 | 51.38 | 17.54 |  odo  |
| 36.223 | 51.43 | 17.51 |  odo  |
| 36.248 | 51.49 | 17.47 |  odo  |
| 36.273 | 51.55 | 17.43 |  odo  |
| 36.298 | 51.60 | 17.39 |  odo  |
| 36.315 | 50.91 | 17.79 | laser |
| 36.323 | 50.96 | 17.75 |  odo  |
| 36.348 | 51.02 | 17.71 |  odo  |
| 36.373 | 51.07 | 17.67 |  odo  |
| 36.398 | 51.12 | 17.63 |  odo  |
| 36.423 | 51.18 | 17.58 |  odo  |
| 36.448 | 51.23 | 17.54 |  odo  |
| 36.473 | 51.28 | 17.49 |  odo  |
| 36.498 | 51.33 | 17.45 |  odo  |
| 36.523 | 51.38 | 17.40 |  odo  |
| 36.528 | 51.39 | 17.09 | laser |
| 36.548 | 51.44 | 17.04 |  odo  |
| 36.573 | 51.49 | 17.00 |  odo  |
| 36.598 | 51.54 | 16.95 |  odo  |
| 36.623 | 51.58 | 16.90 |  odo  |
| 36.648 | 51.63 | 16.85 |  odo  |
| 36.673 | 51.68 | 16.80 |  odo  |
| 36.698 | 51.73 | 16.75 |  odo  |
| 36.723 | 51.77 | 16.70 |  odo  |
| 36.742 | 52.59 | 16.77 | laser |
| 36.748 | 52.63 | 16.71 |  odo  |
| 36.773 | 52.68 | 16.66 |  odo  |
| 36.798 | 52.72 | 16.61 |  odo  |
| 36.823 | 52.76 | 16.55 |  odo  |
| 36.848 | 52.80 | 16.50 |  odo  |
| 36.873 | 52.84 | 16.44 |  odo  |
| 36.898 | 52.88 | 16.39 |  odo  |
| 36.923 | 52.91 | 16.33 |  odo  |
| 36.948 | 52.95 | 16.27 |  odo  |
| 36.955 | 53.44 | 16.41 | laser |
| 36.973 | 53.47 | 16.36 |  odo  |
| 36.998 | 53.51 | 16.30 |  odo  |
| 37.023 | 53.54 | 16.24 |  odo  |
| 37.048 | 53.58 | 16.18 |  odo  |
| 37.073 | 53.61 | 16.12 |  odo  |
| 37.098 | 53.64 | 16.06 |  odo  |
| 37.123 | 53.67 | 16.00 |  odo  |
| 37.148 | 53.70 | 15.94 |  odo  |
| 37.169 | 53.83 | 16.18 | laser |
| 37.173 | 53.85 | 16.11 |  odo  |
| 37.198 | 53.88 | 16.05 |  odo  |
| 37.223 | 53.90 | 15.99 |  odo  |
| 37.248 | 53.92 | 15.92 |  odo  |
| 37.273 | 53.93 | 15.86 |  odo  |
| 37.298 | 53.95 | 15.79 |  odo  |
| 37.323 | 53.97 | 15.73 |  odo  |
| 37.348 | 53.98 | 15.66 |  odo  |
| 37.373 | 54.00 | 15.60 |  odo  |
| 37.383 | 54.65 | 15.46 | laser |
| 37.398 | 54.66 | 15.39 |  odo  |
| 37.423 | 54.68 | 15.33 |  odo  |
| 37.448 | 54.70 | 15.26 |  odo  |
| 37.473 | 54.71 | 15.20 |  odo  |
| 37.498 | 54.73 | 15.13 |  odo  |
| 37.523 | 54.74 | 15.07 |  odo  |
| 37.548 | 54.76 | 15.00 |  odo  |
| 37.573 | 54.77 | 14.94 |  odo  |
| 37.596 | 54.87 | 14.95 | laser |
| 37.598 | 54.87 | 14.88 |  odo  |
| 37.623 | 54.87 | 14.81 |  odo  |
| 37.648 | 54.87 | 14.75 |  odo  |
| 37.673 | 54.86 | 14.68 |  odo  |
| 37.698 | 54.86 | 14.62 |  odo  |
| 37.723 | 54.85 | 14.55 |  odo  |
| 37.748 | 54.85 | 14.49 |  odo  |
| 37.773 | 54.84 | 14.42 |  odo  |
| 37.798 | 54.84 | 14.36 |  odo  |
| 37.810 | 55.30 | 13.88 | laser |
| 37.823 | 55.30 | 13.82 |  odo  |
| 37.848 | 55.30 | 13.75 |  odo  |
| 37.873 | 55.29 | 13.69 |  odo  |
| 37.898 | 55.29 | 13.63 |  odo  |
| 37.923 | 55.28 | 13.56 |  odo  |
| 37.948 | 55.28 | 13.50 |  odo  |
| 37.973 | 55.27 | 13.43 |  odo  |
| 37.998 | 55.26 | 13.37 |  odo  |
| 38.023 | 55.25 | 13.30 |  odo  |
| 38.024 | 55.23 | 13.25 | laser |
| 38.048 | 55.22 | 13.18 |  odo  |
| 38.073 | 55.20 | 13.12 |  odo  |
| 38.098 | 55.19 | 13.06 |  odo  |
| 38.123 | 55.17 | 12.99 |  odo  |
| 38.148 | 55.15 | 12.93 |  odo  |
| 38.173 | 55.14 | 12.87 |  odo  |
| 38.198 | 55.12 | 12.80 |  odo  |
| 38.223 | 55.10 | 12.74 |  odo  |
| 38.237 | 54.34 | 13.22 | laser |
| 38.248 | 54.32 | 13.16 |  odo  |
| 38.273 | 54.29 | 13.10 |  odo  |
| 38.298 | 54.27 | 13.05 |  odo  |
| 38.323 | 54.24 | 12.99 |  odo  |
| 38.348 | 54.21 | 12.93 |  odo  |
| 38.373 | 54.19 | 12.87 |  odo  |
| 38.398 | 54.16 | 12.81 |  odo  |
| 38.423 | 54.13 | 12.75 |  odo  |
| 38.448 | 54.10 | 12.69 |  odo  |
| 38.451 | 54.34 | 12.43 | laser |
| 38.473 | 54.31 | 12.37 |  odo  |
| 38.498 | 54.29 | 12.31 |  odo  |
| 38.523 | 54.26 | 12.25 |  odo  |
| 38.548 | 54.23 | 12.19 |  odo  |
| 38.573 | 54.20 | 12.13 |  odo  |
| 38.598 | 54.16 | 12.07 |  odo  |
| 38.623 | 54.13 | 12.01 |  odo  |
| 38.648 | 54.10 | 11.96 |  odo  |
| 38.664 | 54.01 | 11.81 | laser |
| 38.673 | 53.98 | 11.75 |  odo  |
| 38.698 | 53.94 | 11.70 |  odo  |
| 38.723 | 53.90 | 11.64 |  odo  |
| 38.748 | 53.86 | 11.59 |  odo  |
| 38.773 | 53.82 | 11.53 |  odo  |
| 38.798 | 53.78 | 11.48 |  odo  |
| 38.823 | 53.74 | 11.42 |  odo  |
| 38.848 | 53.70 | 11.37 |  odo  |
| 38.873 | 53.66 | 11.32 |  odo  |
| 38.878 | 53.09 | 11.55 | laser |
| 38.898 | 53.05 | 11.50 |  odo  |
| 38.923 | 53.01 | 11.44 |  odo  |
| 38.948 | 52.97 | 11.38 |  odo  |
| 38.973 | 52.93 | 11.33 |  odo  |
| 38.998 | 52.89 | 11.27 |  odo  |
| 39.023 | 52.84 | 11.22 |  odo  |
| 39.048 | 52.80 | 11.17 |  odo  |
| 39.073 | 52.76 | 11.11 |  odo  |
| 39.092 | 52.43 | 11.00 | laser |
| 39.098 | 52.39 | 10.94 |  odo  |
| 39.123 | 52.35 | 10.88 |  odo  |
| 39.148 | 52.31 | 10.82 |  odo  |
| 39.173 | 52.27 | 10.76 |  odo  |
| 39.198 | 52.23 | 10.71 |  odo  |
| 39.223 | 52.19 | 10.65 |  odo  |
| 39.248 | 52.14 | 10.59 |  odo  |
| 39.273 | 52.10 | 10.54 |  odo  |
| 39.298 | 52.06 | 10.48 |  odo  |
| 39.305 | 52.35 | 10.30 | laser |
| 39.323 | 52.31 | 10.25 |  odo  |
| 39.348 | 52.26 | 10.19 |  odo  |
| 39.373 | 52.22 | 10.14 |  odo  |
| 39.398 | 52.17 | 10.09 |  odo  |
| 39.423 | 52.13 | 10.03 |  odo  |
| 39.448 | 52.08 |  9.98 |  odo  |
| 39.473 | 52.04 |  9.93 |  odo  |
| 39.498 | 51.99 |  9.88 |  odo  |
| 39.519 | 51.92 |  9.72 | laser |
| 39.523 | 51.87 |  9.66 |  odo  |
| 39.548 | 51.82 |  9.61 |  odo  |
| 39.573 | 51.78 |  9.56 |  odo  |
| 39.598 | 51.73 |  9.51 |  odo  |
| 39.623 | 51.68 |  9.46 |  odo  |
| 39.648 | 51.63 |  9.41 |  odo  |
| 39.673 | 51.58 |  9.36 |  odo  |
| 39.698 | 51.53 |  9.32 |  odo  |
| 39.723 | 51.48 |  9.27 |  odo  |
| 39.733 | 51.27 |  9.18 | laser |
| 39.748 | 51.22 |  9.12 |  odo  |
| 39.773 | 51.17 |  9.07 |  odo  |
| 39.798 | 51.13 |  9.02 |  odo  |
| 39.823 | 51.08 |  8.96 |  odo  |
| 39.848 | 51.03 |  8.91 |  odo  |
| 39.873 | 50.98 |  8.86 |  odo  |
| 39.898 | 50.93 |  8.81 |  odo  |
| 39.923 | 50.88 |  8.76 |  odo  |
| 39.946 | 51.25 |  7.84 | laser |
| 39.948 | 51.21 |  7.79 |  odo  |
| 39.973 | 51.16 |  7.73 |  odo  |
| 39.998 | 51.12 |  7.68 |  odo  |
| 40.023 | 51.07 |  7.63 |  odo  |
| 40.048 | 51.02 |  7.58 |  odo  |
| 40.073 | 50.97 |  7.52 |  odo  |
| 40.098 | 50.92 |  7.47 |  odo  |
| 40.123 | 50.87 |  7.42 |  odo  |
| 40.148 | 50.82 |  7.37 |  odo  |
| 40.160 | 50.98 |  6.68 | laser |
| 40.173 | 50.92 |  6.63 |  odo  |
| 40.198 | 50.87 |  6.59 |  odo  |
| 40.223 | 50.81 |  6.55 |  odo  |
| 40.248 | 50.75 |  6.50 |  odo  |
| 40.273 | 50.69 |  6.46 |  odo  |
| 40.298 | 50.62 |  6.42 |  odo  |
| 40.323 | 50.56 |  6.38 |  odo  |
| 40.348 | 50.50 |  6.34 |  odo  |
| 40.373 | 50.44 |  6.30 |  odo  |
| 40.374 | 50.46 |  5.78 | laser |
| 40.398 | 50.40 |  5.74 |  odo  |
| 40.423 | 50.33 |  5.71 |  odo  |
| 40.448 | 50.27 |  5.67 |  odo  |
| 40.473 | 50.20 |  5.63 |  odo  |
| 40.498 | 50.14 |  5.60 |  odo  |
| 40.523 | 50.07 |  5.56 |  odo  |
| 40.548 | 50.00 |  5.53 |  odo  |
| 40.573 | 49.94 |  5.49 |  odo  |
| 40.587 | 49.65 |  6.15 | laser |
| 40.598 | 49.58 |  6.13 |  odo  |
| 40.623 | 49.51 |  6.11 |  odo  |
| 40.648 | 49.43 |  6.09 |  odo  |
| 40.673 | 49.36 |  6.07 |  odo  |
| 40.698 | 49.29 |  6.04 |  odo  |
| 40.723 | 49.21 |  6.02 |  odo  |
| 40.748 | 49.14 |  6.00 |  odo  |
| 40.773 | 49.07 |  5.99 |  odo  |
| 40.798 | 48.99 |  5.97 |  odo  |
| 40.801 | 48.92 |  6.40 | laser |
| 40.823 | 48.85 |  6.38 |  odo  |
| 40.848 | 48.78 |  6.37 |  odo  |
| 40.873 | 48.70 |  6.35 |  odo  |
| 40.898 | 48.63 |  6.33 |  odo  |
| 40.923 | 48.56 |  6.31 |  odo  |
| 40.948 | 48.48 |  6.29 |  odo  |
| 40.973 | 48.41 |  6.28 |  odo  |
| 40.998 | 48.33 |  6.26 |  odo  |
| 41.015 | 48.20 |  6.51 | laser |
| 41.023 | 48.13 |  6.49 |  odo  |
| 41.048 | 48.06 |  6.48 |  odo  |
| 41.073 | 47.98 |  6.46 |  odo  |
| 41.098 | 47.91 |  6.44 |  odo  |
| 41.123 | 47.83 |  6.43 |  odo  |
| 41.148 | 47.76 |  6.41 |  odo  |
| 41.173 | 47.68 |  6.40 |  odo  |
| 41.198 | 47.60 |  6.38 |  odo  |
| 41.223 | 47.53 |  6.37 |  odo  |
| 41.228 | 47.56 |  6.51 | laser |
| 41.248 | 47.48 |  6.49 |  odo  |
| 41.273 | 47.40 |  6.48 |  odo  |
| 41.298 | 47.33 |  6.46 |  odo  |
| 41.323 | 47.25 |  6.45 |  odo  |
| 41.348 | 47.18 |  6.43 |  odo  |
| 41.373 | 47.10 |  6.42 |  odo  |
| 41.398 | 47.03 |  6.40 |  odo  |
| 41.423 | 46.95 |  6.39 |  odo  |
| 41.442 | 46.90 |  7.20 | laser |
| 41.448 | 46.82 |  7.19 |  odo  |
| 41.473 | 46.75 |  7.17 |  odo  |
| 41.498 | 46.67 |  7.16 |  odo  |
| 41.523 | 46.60 |  7.15 |  odo  |
| 41.548 | 46.52 |  7.13 |  odo  |
| 41.573 | 46.45 |  7.12 |  odo  |
| 41.598 | 46.37 |  7.11 |  odo  |
| 41.623 | 46.30 |  7.09 |  odo  |
| 41.648 | 46.22 |  7.08 |  odo  |
| 41.655 | 46.21 |  6.52 | laser |
| 41.673 | 46.13 |  6.51 |  odo  |
| 41.698 | 46.06 |  6.49 |  odo  |
| 41.723 | 45.98 |  6.47 |  odo  |
| 41.748 | 45.91 |  6.46 |  odo  |
| 41.773 | 45.83 |  6.44 |  odo  |
| 41.798 | 45.76 |  6.42 |  odo  |
| 41.823 | 45.68 |  6.40 |  odo  |
| 41.848 | 45.61 |  6.39 |  odo  |
| 41.869 | 45.51 |  6.17 | laser |
| 41.873 | 45.43 |  6.16 |  odo  |
| 41.898 | 45.36 |  6.15 |  odo  |
| 41.923 | 45.28 |  6.13 |  odo  |
| 41.948 | 45.20 |  6.12 |  odo  |
| 41.973 | 45.13 |  6.10 |  odo  |
| 41.998 | 45.05 |  6.09 |  odo  |
| 42.023 | 44.97 |  6.07 |  odo  |
| 42.048 | 44.90 |  6.06 |  odo  |
| 42.073 | 44.82 |  6.04 |  odo  |
| 42.083 | 44.77 |  6.09 | laser |
| 42.098 | 44.69 |  6.08 |  odo  |
| 42.123 | 44.61 |  6.07 |  odo  |
| 42.148 | 44.53 |  6.06 |  odo  |
| 42.173 | 44.46 |  6.05 |  odo  |
| 42.198 | 44.38 |  6.04 |  odo  |
| 42.223 | 44.30 |  6.03 |  odo  |
| 42.248 | 44.23 |  6.02 |  odo  |
| 42.273 | 44.15 |  6.01 |  odo  |
| 42.296 | 44.07 |  5.81 | laser |
| 42.298 | 43.99 |  5.80 |  odo  |
| 42.323 | 43.91 |  5.79 |  odo  |
| 42.348 | 43.83 |  5.78 |  odo  |
| 42.373 | 43.76 |  5.77 |  odo  |
| 42.398 | 43.68 |  5.76 |  odo  |
| 42.423 | 43.60 |  5.74 |  odo  |
| 42.448 | 43.52 |  5.73 |  odo  |
| 42.473 | 43.45 |  5.72 |  odo  |
| 42.498 | 43.37 |  5.71 |  odo  |
| 42.510 | 43.44 |  5.70 | laser |
| 42.523 | 43.36 |  5.69 |  odo  |
| 42.548 | 43.28 |  5.67 |  odo  |
| 42.573 | 43.20 |  5.66 |  odo  |
| 42.598 | 43.12 |  5.65 |  odo  |
| 42.623 | 43.04 |  5.63 |  odo  |
| 42.648 | 42.96 |  5.62 |  odo  |
| 42.673 | 42.89 |  5.61 |  odo  |
| 42.698 | 42.81 |  5.59 |  odo  |
| 42.723 | 42.75 |  5.78 | laser |
| 42.723 | 42.67 |  5.77 |  odo  |
| 42.748 | 42.59 |  5.76 |  odo  |
| 42.773 | 42.51 |  5.75 |  odo  |
| 42.798 | 42.43 |  5.74 |  odo  |
| 42.823 | 42.35 |  5.72 |  odo  |
| 42.848 | 42.27 |  5.71 |  odo  |
| 42.873 | 42.19 |  5.70 |  odo  |
| 42.898 | 42.11 |  5.69 |  odo  |
| 42.923 | 42.03 |  5.68 |  odo  |
| 42.937 | 42.07 |  5.62 | laser |
| 42.948 | 41.99 |  5.61 |  odo  |
| 42.973 | 41.91 |  5.60 |  odo  |
| 42.998 | 41.83 |  5.60 |  odo  |
| 43.023 | 41.75 |  5.59 |  odo  |
| 43.048 | 41.67 |  5.58 |  odo  |
| 43.073 | 41.58 |  5.57 |  odo  |
| 43.098 | 41.50 |  5.57 |  odo  |
| 43.123 | 41.42 |  5.56 |  odo  |
| 43.148 | 41.33 |  5.55 |  odo  |
| 43.151 | 41.38 |  5.60 | laser |
| 43.173 | 41.30 |  5.59 |  odo  |
| 43.198 | 41.21 |  5.58 |  odo  |
| 43.223 | 41.13 |  5.58 |  odo  |
| 43.248 | 41.04 |  5.57 |  odo  |
| 43.273 | 40.96 |  5.57 |  odo  |
| 43.298 | 40.88 |  5.56 |  odo  |
| 43.323 | 40.79 |  5.55 |  odo  |
| 43.348 | 40.71 |  5.55 |  odo  |
| 43.364 | 40.79 |  5.19 | laser |
| 43.373 | 40.71 |  5.18 |  odo  |
| 43.398 | 40.62 |  5.18 |  odo  |
| 43.423 | 40.54 |  5.17 |  odo  |
| 43.448 | 40.45 |  5.17 |  odo  |
| 43.473 | 40.37 |  5.16 |  odo  |
| 43.498 | 40.28 |  5.16 |  odo  |
| 43.523 | 40.19 |  5.15 |  odo  |
| 43.548 | 40.11 |  5.15 |  odo  |
| 43.573 | 40.02 |  5.15 |  odo  |
| 43.578 | 40.13 |  5.02 | laser |
| 43.598 | 40.04 |  5.02 |  odo  |
| 43.623 | 39.96 |  5.01 |  odo  |
| 43.648 | 39.87 |  5.01 |  odo  |
| 43.673 | 39.78 |  5.00 |  odo  |
+--------+-------+-------+-------+